10751
9403
8985
8796
8579
8499
8432
8271
8276
8126
8039
8061
8039
7895
7866
7914
7846
7803
7866
7721
7736
7697
7695
7589
7513
7525
7675
7585
7422
7553
7474
7599
7427
7398
7498
7544
7394
7351
7360
7389
7350
7387
7446
7402
7306
7285
7356
7217
7238
7173
7175
7066
7288
7194
7199
7262
7109
7181
7307
7164
7191
7221
7153
7074
7191
7222
7011
7145
7132
7064
7056
7167
7199
7138
7055
7157
7102
7079
7064
7137
7024
7170
7094
7034
7008
7109
7035
7043
6945
6976
7060
7082
7010
7008
6922
6882
7058
6901
6993
6973
6954
7004
7007
6790
6928
6893
6834
6974
6948
6918
6914
6897
6996
6882
6906
6892
6821
6922
6874
6932
6857
6798
6859
6839
6944
6853
6743
6766
6847
6800
6825
6826
6852
6800
6842
6749
6963
6812
6770
6806
6836
6725
6855
6766
6753
6767
6814
6837
6737
6782
6725
6698
6738
6769
6797
6830
6855
6801
6637
6724
6800
6760
6721
6696
6753
6697
6665
6738
6731
6743
6775
6622
6783
6664
6736
6701
6853
6790
6739
6661
6673
6768
6631
6565
6790
6670
6740
6588
6682
6734
6783
6759
6729
6713
6713
6623
6647
6629
6754
6619
6719
6747
6607
6630
6600
6708
6646
6723
6647
6711
6612
6619
6653
6546
6795
6680
6707
6688
6711
6721
6562
6577
6630
6687
6576
6610
6574
6534
6689
6451
6703
6654
6559
6566
6585
6592
6613
6681
6627
6666
6565
6510
6691
6524
6648
6650
6579
6527
6598
6560
6544
6632
6638
6606
6636
6448
6578
6575
6504
6538
6660
6479
6594
6510
6542
6516
6546
6585
6691
6545
6519
6558
6521
6532
6505
6476
6495
6565
6475
6552
6512
6592
6599
6551
6500
6510
6466
6426
6575
6573
6591
6489
6582
6494
6592
6553
6550
6575
6523
6454
6609
6399
6545
6571
6646
6558
6421
6510
6469
6529
6463
6504
6527
6553
6493
6540
6562
6528
6487
6387
6402
6498
6398
6538
6489
6576
6484
6577
6539
6455
6429
6393
6578
6512
6411
6496
6405
6487
6505
6453
6400
6462
6471
6577
6524
6477
6368
6542
6375
6421
6462
6411
6449
6526
6344
6333
6415
6362
6458
6329
6352
6405
6482
6439
6375
6431
6414
6525
6449
6392
6483
6396
6417
6307
6443
6396
6374
6437
6434
6447
6399
6493
6379
6519
6394
6514
6434
6400
6497
6558
6306
6341
6562
6392
6438
6463
6288
6421
6520
6333
6306
6335
6344
6431
6453
6374
6358
6293
6372
6369
6413
6353
6386
6399
6447
6332
6373
6426
6363
6485
6320
6413
6364
6299
6389
6214
6341
6369
6424
6452
6280
6474
6420
6433
6417
6232
6386
6414
6397
6319
6370
6334
6245
6394
6313
6377
6331
6346
6328
6280
6328
6251
6306
6340
6369
6447
6313
6335
6369
6323
6392
6357
6329
6318
6277
6328
6205
6344
6322
6313
6381
6362
6259
6346
6384
6178
6382
6442
6257
6219
6344
6385
6345
6317
6372
6324
6424
6254
6265
6404
6348
6347
6408
6339
6384
6425
6305
6281
6178
6400
6290
6376
6350
6374
6424
6284
6265
6351
6408
6253
6398
6300
6347
6177
6288
6351
6281
6262
6331
6327
6250
6267
6190
6383
6312
6373
6300
6336
6367
6295
6248
6371
6276
6253
6340
6312
6300
6209
6364
6340
6284
6192
6304
6267
6302
6309
6201
6272
6350
6267
6240
6338
6253
6394
6340
6173
6262
6240
6246
6313
6247
6274
6330
6301
6358
6282
6242
6207
6200
6364
6314
6330
6209
6244
6332
6295
6225
6398
6202
6234
6264
6242
6238
6305
6260
6341
6228
6195
6128
6375
6318
6196
6282
6305
6300
6415
6200
6283
6183
6266
6203
6313
6208
6263
6371
6165
6235
6402
6171
6315
6207
6246
6260
6232
6298
6313
6238
6206
6241
6288
6194
6240
6197
6202
6112
6307
6265
6207
6186
6262
6215
6208
6307
6281
6278
6224
6332
6217
6238
6254
6312
6180
6218
6065
6213
6226
6246
6341
6158
6127
6227
6236
6223
6203
6284
6177
6255
6201
6198
6093
6104
6224
6254
6208
6134
6127
6279
6242
6169
6217
6146
6157
6252
6126
6294
6241
6271
6211
6182
6224
6194
6116
6228
6244
6146
6182
6165
6102
6256
6237
6130
6291
6172
6132
6245
6178
6140
6234
6183
6166
6190
6225
6196
6194
6140
6249
6137
6226
6203
6222
6134
6197
6152
6231
6242
6093
6162
6261
6270
6268
6180
6185
6181
6143
6128
6140
6238
6281
6153
6173
6216
6258
6151
6245
6177
6140
6162
6140
6147
6173
6235
6118
6162
6194
6250
6348
6247
6226
6164
6198
6112
6172
6363
6150
6224
6164
6154
6143
6170
6217
6146
6157
6131
6172
6095
6220
6260
6171
6253
6148
6133
6218
6190
6141
6138
6127
6105
6196
6125
6212
6123
6291
6145
6075
6165
6201
6219
6283
6152
6196
6159
6228
6077
6180
6156
6273
6124
6224
6202
6032
6121
6210
6035
6116
6175
6097
6134
6031
6213
6044
6184
6136
6162
6048
6188
6274
6155
6114
6178
6172
6198
6048
6169
6136
6258
6147
6026
6099
6131
6155
6078
6225
6146
6219
6199
6188
6124
6161
6068
6125
6097
6066
6227
6183
6137
6221
6102
6230
5947
6037
6083
6163
6170
6226
6102
6070
6189
6156
6162
6147
6127
6316
6186
6110
6188
6136
6227
6121
6097
6113
6116
6228
6181
6128
6041
6090
6182
6070
6240
6138
6049
6307
6160
6101
6079
6139
6147
6040
6247
6093
6125
6096
6117
6072
6135
6029
6073
6019
6143
6094
6124
6093
6048
6236
6105
6113
6216
6145
6149
6079
6030
6087
6104
6111
6150
6096
6111
6141
6116
6219
5995
6200
6120
6064
6042
6135
6106
6106
6064
6170
6126
6120
6052
6026
6273
6088
6148
6198
6043
6139
6045
6108
6062
6170
6113
6104
6171
6102
6086
6109
5977
6177
6044
5997
6053
6067
6073
6102
6120
6132
5925
6118
6026
6076
6094
6176
6158
6107
6069
6028
6099
6138
6009
6025
6220
6142
6119
6099
6055
6047
6134
6083
6055
6176
6083
6016
6112
6029
6067
6236
6127
6130
6083
6150
6081
6088
6025
6112
6105
6059
6187
6177
5982
6051
5962
6017
6089
6176
6114
6033
6043
6064
5990
6122
6111
6055
5935
6086
6234
5984
6185
6196
5945
6050
6132
6097
6068
6116
6021
6130
5933
6013
6118
6037
6133
6155
6110
6031
6011
6109
6074
6066
6015
6036
6081
6084
6020
6141
6110
6033
5966
6080
6159
5972
5984
6082
6079
6002
6057
6086
6052
6018
6157
6078
6007
6080
6051
6119
6033
6012
6075
6036
6119
6004
6112
6109
6054
6040
5954
6092
6000
6026
6146
6137
6026
6043
6055
6063
6061
6004
6023
6163
6052
6099
6066
6145
6078
6001
6045
6137
6096
6129
6104
6017
6168
6046
6001
5973
6065
5964
6013
6097
6008
6089
5992
6115
6061
5957
6068
5969
6066
6022
6128
5994
6059
6144
6098
5980
6023
5971
6095
6077
6096
6049
5981
6203
6078
6029
5844
6128
6023
6022
6026
6037
6079
6026
6163
5986
5938
6082
5985
6030
5995
5985
6024
6025
5929
5963
6011
6044
6168
5969
6064
6093
6138
6073
5980
5927
5918
5967
6048
6003
6013
5978
6047
6057
6057
6031
6110
6107
6096
5875
6222
6061
6015
5995
6024
5990
6017
6029
6064
6069
6017
6088
5967
6064
6178
6059
5956
6076
5970
6010
6037
6009
5957
5990
5992
5962
6100
6102
6098
6127
5965
5907
6076
6089
6050
6017
5920
5997
6022
6003
5985
6047
6142
6045
5947
6003
5983
5957
6083
5914
6001
6003
6097
5973
5979
6090
6017
6016
6036
5964
5940
6226
5992
6028
5957
6011
6075
6032
5946
5935
5964
5976
6081
6038
6084
5893
6036
6029
6031
5956
5988
6119
6082
5980
6061
6026
5940
5966
5974
6144
6061
6004
5924
5971
6026
6051
5937
6066
6001
6089
5972
6060
6001
6011
6023
6028
6032
6012
5984
6182
6054
6036
5982
6023
5924
5967
6010
6093
5878
6051
6019
5953
6010
5988
5938
5952
6020
6087
5922
5989
6018
6037
5913
6006
6054
6030
5958
6038
5940
5970
6086
5996
6104
5902
5997
5928
6024
5887
5972
5851
5917
5982
5975
6033
6030
5978
6001
6034
5991
6065
5916
5980
5871
6002
5993
5953
5995
6093
6016
6030
5982
6011
6022
6062
5903
5978
6036
5907
5919
6012
5965
5964
5916
6039
5992
6012
6017
5899
5907
6031
6073
5986
6015
6064
6024
5910
5905
6059
5953
6047
5942
5974
5938
5976
5945
5986
5945
6026
5992
5966
6096
6048
6000
6020
5956
5944
5937
6038
5920
5972
6018
6005
5989
5937
5868
5996
5930
6019
5897
6042
5955
6046
6021
5912
5985
5934
6085
6074
5989
5885
5943
5982
5850
5996
5998
5915
5926
5915
5894
6133
5836
5878
5954
5976
6063
6030
5954
5864
5947
6061
5880
6025
5862
5940
6052
5926
5995
5992
5968
6038
6036
5910
5922
5961
5964
5892
5969
5938
5980
6031
5969
5944
5945
5926
6010
5952
6006
5960
5885
5894
5983
5930
5947
5902
6010
5935
5941
5949
5947
5867
5960
5885
5926
6076
6002
5925
5970
5891
5984
5947
5971
5951
5816
6001
5964
5877
6042
5910
5996
6016
5882
5992
6016
5867
5913
5961
5936
5890
5979
6031
5966
5912
6006
5929
5895
5885
5939
6047
6054
6030
5963
6020
5920
5846
5989
5870
5953
5925
5904
5924
5926
5930
5841
5978
5924
5941
5932
5914
6003
5917
5883
5971
6028
5981
5950
5899
5999
5884
5841
6049
5834
5858
5898
5929
5930
5912
5871
5910
5850
5798
6012
5913
5899
5947
5859
6002
5955
6004
6031
5977
5904
5856
5988
5976
5950
5875
5896
6022
5866
5922
5932
5863
6004
6048
5891
5911
5954
5969
6011
5929
5802
5918
5973
5953
5945
5964
6019
5952
6000
5879
5864
5942
5875
5924
5935
5998
5936
5931
5966
5889
5903
5968
5948
5744
5954
5990
5945
6014
5967
6000
5919
6023
5854
5908
5890
5990
5984
5811
5945
6035
5854
5874
5932
5974
5953
5893
5884
5857
5950
5948
6005
6017
5955
5872
5893
5917
5938
5824
5855
5969
5948
5978
5948
5998
5951
5865
5887
5821
5893
5928
5947
5892
5967
5957
5899
6003
5837
5846
5803
5902
5934
5912
5858
5955
5954
5919
5870
6027
5920
5996
5823
6059
5791
5953
6000
5930
6038
5900
5925
5909
5899
5940
5929
5929
5955
5950
5900
5849
5959
5798
5911
5964
5925
6061
5888
5940
6017
5978
5829
5851
5942
5809
5996
5969
5997
5883
5992
5974
5755
5894
5823
5973
5891
5926
5921
5933
5930
5892
5912
5890
5977
5953
5828
5889
5848
5925
6001
5942
5934
5835
5902
5941
5782
6025
5873
5920
5962
5874
5956
5910
5836
5846
5817
6028
6016
5712
5959
5884
5896
5903
5908
5873
5925
5951
5854
5874
5870
5936
5902
6026
5913
5846
5930
5865
5895
5937
5802
5923
5918
5966
5926
5918
5836
5906
5933
5855
6022
5822
5882
5822
5976
5946
5781
5999
5933
5929
5924
5964
5881
5890
5848
5817
5908
5895
5822
5944
5879
5858
5866
5873
5836
5808
5962
5790
5813
5886
5902
5839
5990
5835
5853
5868
5931
5931
5916
5881
5795
5867
5866
6004
5909
5858
5903
5801
5983
5820
5934
5948
5851
6015
5963
5822
5875
5905
5966
5895
5920
5792
5815
5945
5895
5787
5889
6044
5862
5893
5848
5899
5901
5942
5886
6064
6019
5931
5823
5801
5841
5818
5858
5922
5939
5795
5851
5861
5839
5906
5922
5876
5890
5921
5877
5868
5768
5949
5876
5930
5963
5859
5866
5826
5788
5876
5984
5814
5928
5945
5891
5884
5934
5866
5846
5831
5928
5972
5896
5866
5922
5875
5818
5866
5837
5858
5907
5884
5937
5966
5951
5832
5830
5881
5713
5849
5873
5840
5814
5847
5919
5832
5856
5917
5824
5810
5945
5813
5817
5821
5982
5837
5884
5776
5825
5866
5971
5848
5846
5814
5855
5901
5830
5745
5935
5779
5910
5856
5860
5786
6025
5865
5828
5972
5747
5822
5849
5827
5839
5863
5849
5824
5988
6042
5849
5926
5810
5798
5855
5849
5850
5902
5848
5871
5810
5955
5732
5803
5916
5801
5786
5970
5909
5847
5865
5913
5899
5839
5858
5873
5878
5780
5943
5909
5899
5906
5813
5848
5772
5904
5934
5864
5856
5812
5805
5877
5880
5866
5822
5823
5854
5814
5943
5886
5906
5842
5885
5842
5974
5938
5958
5830
5839
6020
5842
5819
5938
5830
5839
5887
5990
5834
5817
5849
5828
5839
5974
5791
5945
5847
5848
5869
5882
5735
5803
5869
5856
5842
5892
5890
5890
5890
5760
5851
5793
5828
5831
5913
5839
5899
5803
5848
5866
5983
5893
5817
5966
5814
5918
5841
5867
5754
5870
5822
5769
5995
5900
5750
5898
5955
5847
5876
5967
5782
5835
5935
5725
5794
5835
6004
5865
5754
5883
5800
5765
5797
5766
5812
5773
5724
5724
5776
5989
5888
5747
5940
5914
5894
5849
5971
5729
5882
5871
5810
5860
5872
5951
5757
5854
5872
5841
5802
5773
5694
5861
5841
5830
6000
5882
5779
5853
5861
5835
5870
5838
5799
5880
5904
5847
5881
5783
5812
5795
5882
5883
5927
5885
5820
5848
5886
5904
5861
5809
5934
5727
5847
5844
5930
5828
5799
5878
5752
5873
5784
5883
5863
5745
5904
5826
5752
5812
5795
5854
5743
5747
5793
5776
5852
5909
5937
5803
5835
5749
5869
5724
5729
5796
5830
5919
5848
5741
5873
5727
5804
5885
5812
5977
5843
5826
6020
5833
5810
5867
5963
5854
5828
5700
5806
5761
5890
5826
5719
5831
5854
5796
5769
5714
5775
5846
5798
5852
5819
5985
5800
5872
5911
5780
5836
5863
5892
5838
5854
5742
5818
5787
5797
5742
5887
5768
5881
5644
5768
5793
5830
5836
5843
5858
5854
5820
5798
5732
5721
5847
5863
5762
5829
5839
5841
5749
5897
5763
5848
5793
5865
5814
5864
5908
5757
5829
5868
5811
5817
5855
5757
5805
5774
5814
5846
5783
5843
5764
5803
5714
5798
5865
5818
5924
5835
5882
5842
5881
5625
5804
5794
5815
5725
5755
5778
5925
5842
5840
5763
5872
5792
5752
5802
5879
5839
5805
5857
5869
5803
5902
5865
5712
5777
5873
5851
5812
5857
5672
5870
5699
5846
5811
5889
5801
5864
5718
5891
5788
5869
5857
5795
5785
5743
5917
5769
5933
5781
5784
5871
5759
5848
5900
5863
5738
5883
5830
5800
5826
5810
5721
5867
5844
5851
5784
5753
5802
5862
5849
5776
5744
5820
5876
5875
5702
5908
5815
5802
5857
5822
5796
5790
5826
5806
5812
5883
5794
5781
5764
5737
5887
5816
5883
5764
5750
5872
5843
5795
5774
5820
5862
5872
5799
5810
5918
5743
5848
5767
5724
5818
5858
5830
5832
5827
5807
5685
5840
5874
5801
5758
5808
5804
5750
5844
5704
5849
5738
5674
5797
5837
5666
5772
5809
5831
5814
5842
5785
5727
5885
5791
5789
5819
5873
5764
5855
5753
5810
5823
5897
5764
5880
5787
5905
5663
5787
5813
5740
5733
5795
5797
5798
5782
5932
5855
5807
5760
5721
5759
5782
5717
5832
5804
5845
5848
5671
5807
5769
5867
5849
5781
5655
5790
5667
5839
5795
5832
5773
5725
5956
5746
5765
5697
5746
5720
5768
5912
5874
5656
5834
5891
5689
5772
5784
5807
5893
5787
5880
5826
5758
5856
5702
5876
5851
5821
5803
5830
5832
5871
5774
5817
5776
5741
5722
5820
5832
5827
5753
5903
5738
5776
5785
5774
5789
5808
5814
5824
5909
5753
5822
5750
5797
5891
5814
5823
5766
5913
5767
5765
5690
5809
5649
5746
5821
5710
5766
5819
5791
5699
5818
5673
5826
5768
5754
5745
5846
5712
5875
5780
5651
5774
5888
5850
5850
5851
5863
5905
5757
5759
5762
5817
5697
5825
5744
5808
5614
5903
5792
5838
5846
5799
5795
5708
5793
5774
5750
5897
6003
5745
5731
5768
5833
5983
5789
5726
5880
5768
5715
5738
5931
5834
5800
5776
5829
5830
5955
5800
5720
5700
5707
5814
5732
5842
5768
5781
5808
5854
5704
5860
5770
5799
5821
5706
5797
5638
5780
5822
5813
5827
5801
5765
5802
5738
5811
5738
5746
5857
5804
5752
5757
5792
5886
5838
5677
5923
5790
5781
5868
5783
5733
5786
5849
5794
5808
5872
5771
5830
5767
5808
5759
5735
5836
5754
5874
5767
5690
5821
5768
5836
5654
5771
5765
5783
5708
5785
5894
5629
5690
5731
5659
5699
5732
5757
5870
5728
5779
5810
5876
5724
5828
5765
5892
5737
5716
5774
5751
5680
5829
5925
5731
5786
5761
5577
5760
5733
5848
5745
5764
5831
5735
5850
5707
5774
5830
5832
5787
5689
5841
5816
5696
5728
5749
5781
5809
5830
5814
5750
5778
5741
5759
5720
5858
5844
5725
5760
5750
5769
5831
5779
5752
5778
5722
5767
5818
5872
5632
5741
5831
5710
5785
5722
5773
5891
5740
5709
5699
5798
5777
5739
5619
5834
5789
5813
5740
5750
5703
5799
5858
5886
5778
5766
5738
5763
5706
5889
5718
5772
5697
5830
5809
5695
5819
5657
5730
5819
5761
5729
5789
5904
5759
5800
5727
5804
5748
5867
5760
5747
5803
5788
5770
5807
5753
5712
5764
5702
5665
5796
5793
5774
5629
5774
5792
5793
5700
5769
5723
5703
5804
5751
5866
5660
5816
5686
5757
5748
5858
5766
5842
5802
5797
5814
5656
5710
5756
5756
5793
5705
5821
5797
5638
5810
5688
5791
5716
5779
5770
5673
5802
5673
5798
5761
5777
5709
5761
5704
5670
5791
5830
5782
5745
5754
5790
5716
5825
5839
5777
5761
5797
5857
5768
5719
5624
5744
5794
5725
5828
5988
5769
5666
5681
5776
5857
5652
5690
5695
5846
5752
5663
5853
5751
5860
5691
5782
5715
5730
5781
5678
5720
5758
5729
5864
5838
5770
5806
5740
5734
5731
5736
5732
5749
5746
5724
5712
5678
5636
5777
5791
5757
5726
5723
5935
5611
5740
5877
5751
5712
5730
5817
5605
5627
5721
5820
5875
5723
5768
5754
5771
5758
5715
5731
5745
5698
5664
5679
5803
5695
5776
5745
5834
5743
5811
5660
5811
5725
5805
5824
5795
5665
5715
5708
5730
5725
5739
5801
5757
5798
5844
5646
5740
5757
5755
5639
5710
5793
5721
5676
5648
5653
5760
5748
5763
5653
5687
5703
5757
5749
5741
5700
5768
5676
5762
5590
5744
5733
5742
5730
5670
5741
5716
5745
5636
5724
5755
5828
5710
5655
5678
5667
5815
5670
5744
5680
5720
5789
5721
5728
5616
5696
5790
5710
5707
5580
5776
5689
5828
5644
5779
5664
5715
5730
5720
5744
5678
5692
5720
5652
5719
5665
5741
5786
5827
5827
5722
5797
5670
5829
5755
5712
5760
5802
5787
5772
5769
5693
5783
5665
5843
5708
5894
5631
5823
5806
5666
5649
5787
5734
5714
5790
5701
5680
5762
5690
5709
5738
5743
5674
5768
5749
5669
5848
5776
5721
5659
5709
5704
5736
5780
5619
5800
5731
5639
5703
5847
5648
5828
5679
5755
5698
5782
5703
5718
5642
5681
5638
5717
5790
5661
5806
5636
5822
5714
5677
5775
5728
5778
5692
5762
5726
5784
5670
5782
5673
5744
5722
5794
5697
5676
5652
5724
5755
5637
5812
5751
5716
5639
5740
5721
5744
5593
5800
5715
5768
5767
5723
5710
5710
5775
5768
5716
5740
5823
5716
5719
5828
5677
5706
5767
5780
5674
5597
5770
5719
5819
5683
5665
5629
5739
5694
5746
5765
5699
5611
5733
5696
5622
5666
5713
5640
5696
5701
5651
5699
5784
5646
5713
5784
5724
5738
5783
5715
5799
5741
5751
5796
5626
5743
5664
5729
5656
5649
5700
5661
5829
5656
5729
5709
5748
5778
5706
5697
5776
5753
5790
5809
5684
5651
5699
5762
5665
5799
5642
5750
5717
5748
5714
5701
5775
5604
5787
5722
5744
5666
5754
5775
5668
5647
5787
5886
5745
5781
5729
5694
5683
5833
5644
5775
5673
5863
5671
5739
5733
5740
5733
5751
5737
5712
5676
5810
5693
5714
5740
5664
5710
5717
5687
5713
5709
5741
5634
5749
5784
5717
5703
5751
5822
5729
5625
5710
5710
5714
5639
5748
5733
5727
5689
5702
5589
5681
5690
5704
5604
5671
5794
5617
5791
5671
5661
5757
5665
5684
5775
5671
5762
5697
5638
5673
5815
5809
5789
5655
5711
5648
5622
5629
5799
5757
5696
5707
5685
5685
5720
5693
5689
5757
5720
5759
5612
5701
5782
5526
5702
5648
5688
5669
5684
5775
5583
5711
5686
5743
5761
5598
5672
5624
5771
5691
5647
5706
5614
5688
5683
5797
5661
5691
5756
5688
5790
5653
5661
5678
5612
5727
5658
5747
5554
5709
5805
5743
5715
5610
5693
5815
5691
5598
5719
5611
5742
5701
5600
5788
5744
5685
5669
5666
5772
5736
5722
5741
5661
5766
5541
5709
5705
5769
5691
5661
5757
5803
5643
5658
5694
5671
5669
5769
5656
5736
5647
5672
5627
5613
5602
5672
5767
5667
5775
5653
5759
5844
5705
5689
5838
5656
5725
5682
5733
5648
5709
5680
5667
5647
5718
5600
5676
5617
5649
5611
5709
5684
5684
5586
5618
5746
5719
5629
5772
5634
5668
5739
5686
5712
5757
5739
5765
5835
5641
5728
5631
5551
5660
5783
5737
5715
5635
5744
5661
5654
5752
5748
5793
5802
5629
5727
5699
5734
5834
5624
5737
5672
5823
5662
5672
5641
5632
5721
5714
5711
5715
5716
5710
5619
5684
5715
5711
5669
5628
5679
5735
5596
5770
5655
5696
5711
5621
5618
5718
5720
5674
5656
5628
5776
5778
5706
5664
5656
5665
5667
5706
5705
5752
5648
5757
5658
5751
5612
5682
5671
5701
5697
5699
5684
5687
5780
5689
5745
5691
5817
5711
5637
5757
5738
5638
5770
5680
5851
5698
5676
5618
5559
5752
5682
5608
5751
5716
5609
5534
5672
5746
5768
5709
5658
5667
5772
5706
5667
5726
5601
5615
5672
5649
5675
5873
5668
5769
5706
5736
5694
5612
5756
5667
5775
5610
5686
5672
5735
5681
5686
5739
5691
5645
5699
5674
5640
5658
5706
5799
5751
5572
5698
5857
5691
5627
5636
5685
5733
5671
5642
5712
5679
5676
5670
5690
5660
5639
5683
5765
5685
5758
5736
5664
5711
5648
5786
5669
5692
5694
5663
5653
5662
5660
5619
5666
5639
5631
5669
5714
5677
5631
5577
5764
5753
5727
5762
5640
5564
5626
5775
5692
5675
5717
5701
5533
5742
5700
5777
5645
5831
5639
5716
5609
5714
5704
5647
5691
5626
5623
5673
5778
5704
5633
5744
5679
5690
5616
5700
5618
5657
5703
5664
5650
5659
5757
5665
5682
5578
5668
5721
5716
5583
5733
5692
5633
5634
5691
5668
5726
5640
5693
5513
5670
5788
5581
5682
5713
5777
5773
5619
5699
5723
5673
5487
5717
5647
5722
5608
5584
5737
5617
5714
5710
5767
5668
5757
5747
5704
5718
5839
5667
5689
5786
5644
5714
5616
5739
5740
5670
5693
5681
5608
5606
5726
5774
5688
5551
5638
5628
5675
5589
5590
5665
5692
5618
5812
5754
5697
5662
5669
5651
5783
5592
5611
5642
5660
5641
5586
5743
5706
5661
5708
5607
5726
5630
5667
5603
5663
5802
5718
5656
5694
5635
5560
5678
5772
5808
5670
5711
5729
5772
5657
5698
5684
5523
5593
5611
5665
5666
5678
5777
5710
5636
5706
5708
5819
5654
5691
5690
5621
5638
5659
5596
5621
5738
5683
5676
5681
5713
5635
5648
5654
5600
5611
5697
5754
5628
5636
5632
5719
5666
5729
5739
5612
5733
5610
5741
5597
5601
5628
5600
5659
5667
5724
5656
5632
5668
5586
5707
5573
5646
5794
5752
5670
5760
5683
5683
5717
5640
5660
5633
5797
5619
5675
5657
5678
5597
5584
5721
5558
5626
5581
5590
5521
5611
5726
5746
5677
5625
5697
5551
5587
5695
5792
5695
5604
5641
5632
5731
5750
5769
5680
5710
5610
5554
5660
5651
5663
5726
5544
5672
5566
5543
5603
5582
5672
5688
5638
5672
5820
5647
5713
5670
5694
5617
5679
5621
5604
5559
5605
5623
5658
5601
5665
5700
5687
5664
5744
5640
5697
5641
5747
5640
5669
5652
5706
5670
5804
5599
5649
5671
5599
5747
5611
5687
5631
5502
5621
5715
5641
5635
5717
5659
5733
5692
5664
5782
5685
5733
5596
5777
5620
5673
5626
5607
5626
5723
5745
5590
5660
5638
5595
5624
5610
5633
5720
5573
5711
5597
5675
5622
5714
5623
5679
5644
5661
5728
5530
5603
5664
5642
5679
5718
5662
5577
5700
5699
5689
5534
5593
5639
5614
5693
5682
5691
5718
5683
5643
5699
5664
5642
5667
5640
5669
5563
5692
5619
5513
5588
5644
5708
5546
5615
5709
5583
5649
5637
5613
5748
5532
5698
5727
5563
5606
5723
5626
5651
5585
5616
5651
5587
5640
5648
5690
5634
5632
5686
5741
5684
5553
5564
5672
5578
5677
5587
5541
5645
5666
5724
5582
5687
5600
5593
5710
5732
5773
5627
5634
5685
5682
5753
5739
5680
5570
5659
5614
5750
5659
5749
5628
5532
5739
5658
5586
5563
5672
5647
5723
5520
5642
5636
5687
5625
5565
5655
5583
5610
5537
5726
5674
5678
5791
5662
5644
5570
5606
5562
5750
5582
5518
5648
5536
5685
5610
5588
5602
5570
5566
5678
5640
5582
5658
5694
5663
5624
5643
5586
5725
5673
5693
5583
5649
5668
5631
5729
5649
5717
5682
5623
5601
5650
5580
5530
5627
5683
5688
5615
5693
5634
5576
5658
5797
5638
5616
5590
5594
5603
5802
5668
5565
5641
5652
5689
5661
5611
5611
5566
5724
5621
5704
5712
5622
5666
5685
5672
5680
5656
5691
5659
5671
5654
5722
5805
5690
5672
5685
5699
5587
5660
5690
5624
5541
5630
5544
5588
5749
5773
5599
5700
5572
5580
5724
5689
5628
5634
5642
5560
5699
5651
5573
5660
5623
5680
5574
5658
5785
5704
5612
5629
5627
5688
5696
5637
5525
5595
5668
5619
5616
5761
5645
5655
5620
5683
5681
5656
5639
5598
5668
5635
5602
5602
5652
5678
5636
5594
5730
5613
5534
5661
5570
5569
5740
5720
5604
5623
5722
5516
5663
5643
5590
5663
5635
5584
5651
5528
5621
5726
5579
5614
5709
5650
5591
5656
5660
5657
5622
5546
5585
5655
5677
5627
5621
5695
5760
5701
5667
5673
5672
5567
5669
5603
5677
5636
5568
5618
5556
5723
5604
5686
5735
5733
5605
5646
5649
5607
5771
5652
5661
5663
5674
5619
5592
5619
5659
5524
5604
5531
5598
5791
5685
5630
5711
5647
5640
5668
5731
5696
5618
5644
5678
5659
5557
5634
5573
5667
5603
5593
5643
5579
5658
5746
5701
5744
5607
5560
5567
5634
5703
5673
5560
5626
5647
5575
5603
5746
5638
5573
5560
5687
5609
5601
5774
5758
5618
5626
5674
5579
5608
5673
5505
5649
5682
5678
5659
5621
5606
5663
5725
5602
5615
5650
5590
5618
5648
5666
5646
5615
5702
5669
5532
5512
5639
5663
5533
5627
5731
5501
5677
5734
5589
5666
5638
5614
5623
5651
5613
5611
5787
5706
5619
5604
5579
5647
5685
5628
5729
5654
5702
5610
5596
5675
5625
5660
5702
5675
5454
5766
5603
5603
5617
5551
5644
5662
5656
5604
5718
5695
5570
5693
5682
5593
5584
5584
5754
5606
5655
5728
5681
5538
5699
5595
5670
5549
5760
5518
5720
5624
5703
5649
5622
5661
5526
5668
5487
5505
5578
5579
5630
5523
5642
5686
5593
5699
5622
5628
5840
5668
5636
5507
5665
5628
5703
5587
5640
5670
5479
5607
5542
5633
5640
5673
5710
5713
5583
5586
5541
5551
5581
5612
5621
5643
5579
5684
5587
5572
5675
5632
5577
5618
5604
5623
5701
5553
5597
5564
5605
5702
5618
5664
5590
5623
5576
5631
5602
5703
5627
5626
5595
5579
5649
5508
5549
5713
5638
5605
5455
5632
5741
5732
5647
5714
5707
5579
5634
5530
5607
5649
5708
5503
5536
5579
5673
5681
5566
5637
5595
5682
5547
5560
5675
5562
5741
5536
5647
5615
5557
5660
5618
5465
5541
5536
5643
5587
5676
5557
5601
5614
5657
5709
5682
5716
5572
5675
5513
5590
5692
5610
5599
5559
5667
5633
5603
5610
5656
5663
5564
5642
5649
5676
5619
5588
5556
5680
5670
5741
5537
5672
5558
5547
5692
5697
5621
5617
5618
5556
5517
5652
5635
5625
5574
5601
5636
5706
5543
5640
5544
5624
5639
5688
5599
5687
5613
5711
5654
5529
5534
5594
5660
5574
5644
5627
5624
5583
5649
5584
5665
5535
5638
5465
5668
5545
5622
5663
5665
5522
5725
5614
5628
5642
5586
5629
5528
5664
5482
5483
5547
5706
5571
5629
5664
5592
5651
5545
5590
5610
5540
5468
5682
5582
5504
5563
5617
5637
5547
5635
5630
5643
5653
5535
5589
5575
5687
5696
5568
5635
5705
5618
5614
5677
5542
5559
5580
5581
5638
5540
5710
5634
5593
5687
5607
5651
5630
5597
5596
5559
5567
5512
5682
5595
5667
5633
5661
5547
5621
5552
5570
5577
5593
5665
5657
5784
5508
5655
5587
5656
5594
5588
5495
5606
5510
5546
5632
5746
5667
5545
5574
5544
5558
5543
5552
5560
5609
5593
5721
5556
5532
5618
5666
5591
5612
5524
5548
5606
5696
5659
5681
5478
5662
5482
5664
5620
5610
5558
5572
5656
5636
5633
5538
5601
5550
5554
5639
5544
5685
5706
5655
5550
5750
5608
5656
5635
5655
5675
5688
5486
5483
5642
5619
5533
5678
5517
5710
5663
5593
5612
5526
5745
5657
5556
5665
5524
5614
5539
5516
5641
5607
5557
5615
5675
5679
5604
5715
5698
5608
5685
5584
5641
5647
5632
5638
5639
5627
5513
5723
5615
5493
5519
5518
5698
5622
5555
5713
5645
5608
5561
5519
5512
5588
5652
5562
5654
5538
5544
5658
5568
5515
5681
5527
5609
5645
5626
5607
5569
5539
5522
5610
5572
5599
5613
5694
5464
5652
5533
5569
5665
5657
5703
5705
5525
5537
5623
5681
5726
5635
5586
5706
5627
5669
5614
5585
5600
5676
5630
5665
5592
5565
5695
5627
5513
5627
5525
5563
5672
5552
5543
5637
5623
5557
5673
5551
5417
5568
5650
5648
5576
5579
5553
5649
5517
5506
5634
5616
5612
5615
5594
5658
5585
5549
5618
5526
5574
5518
5599
5686
5568
5535
5630
5480
5673
5591
5597
5648
5563
5625
5695
5547
5562
5608
5578
5600
5618
5601
5578
5579
5713
5572
5648
5630
5564
5568
5514
5696
5535
5668
5663
5559
5614
5549
5563
5661
5669
5641
5598
5546
5587
5603
5476
5548
5566
5628
5477
5627
5675
5577
5615
5658
5608
5566
5691
5544
5572
5482
5619
5499
5538
5629
5615
5569
5620
5599
5616
5621
5606
5528
5541
5564
5570
5697
5610
5701
5574
5673
5570
5642
5733
5555
5662
5522
5563
5516
5627
5612
5636
5679
5695
5639
5476
5598
5597
5517
5551
5581
5738
5681
5579
5503
5596
5506
5688
5468
5551
5646
5584
5655
5493
5545
5534
5677
5598
5553
5571
5603
5635
5512
5641
5622
5655
5483
5690
5611
5603
5541
5550
5588
5599
5672
5589
5620
5563
5696
5575
5545
5520
5529
5611
5641
5602
5615
5556
5586
5589
5577
5629
5574
5619
5580
5638
5647
5640
5607
5654
5473
5541
5516
5563
5588
5458
5554
5646
5625
5563
5647
5616
5648
5558
5610
5630
5593
5614
5615
5595
5787
5557
5698
5563
5622
5571
5590
5682
5530
5504
5546
5728
5489
5590
5532
5553
5582
5491
5523
5596
5601
5571
5565
5612
5651
5579
5442
5701
5603
5630
5469
5607
5575
5610
5580
5562
5530
5629
5542
5576
5501
5557
5529
5552
5505
5582
5544
5606
5569
5592
5560
5563
5678
5612
5480
5642
5470
5612
5504
5656
5495
5608
5544
5698
5644
5569
5588
5539
5582
5615
5522
5548
5581
5656
5508
5529
5493
5577
5555
5535
5612
5570
5462
5567
5574
5614
5635
5536
5506
5684
5574
5602
5532
5568
5607
5571
5573
5671
5544
5554
5671
5563
5603
5601
5530
5527
5582
5543
5689
5572
5567
5638
5599
5702
5499
5675
5650
5472
5540
5528
5669
5685
5527
5609
5617
5489
5581
5571
5624
5562
5639
5598
5614
5598
5630
5674
5631
5707
5573
5621
5582
5638
5537
5694
5552
5546
5601
5611
5600
5555
5506
5488
5574
5605
5623
5671
5572
5639
5495
5653
5522
5564
5526
5600
5488
5523
5581
5605
5661
5463
5618
5486
5545
5492
5541
5690
5560
5557
5578
5509
5599
5732
5646
5567
5558
5613
5506
5558
5609
5550
5511
5536
5605
5633
5587
5654
5711
5536
5543
5427
5584
5572
5591
5591
5586
5607
5536
5617
5596
5566
5639
5586
5602
5579
5487
5460
5648
5573
5518
5452
5647
5487
5635
5634
5593
5609
5637
5650
5517
5576
5501
5670
5452
5560
5634
5516
5662
5627
5528
5651
5573
5731
5639
5637
5551
5570
5615
5597
5581
5587
5566
5746
5598
5484
5611
5568
5666
5573
5586
5602
5567
5497
5576
5597
5618
5535
5641
5546
5671
5603
5717
5616
5530
5541
5591
5535
5642
5547
5587
5585
5488
5554
5532
5438
5590
5442
5491
5559
5538
5567
5616
5614
5521
5562
5622
5493
5517
5632
5498
5533
5564
5568
5453
5541
5633
5586
5599
5627
5448
5585
5619
5529
5493
5577
5541
5557
5470
5617
5565
5485
5660
5688
5544
5553
5643
5509
5586
5578
5510
5538
5451
5616
5490
5544
5544
5493
5589
5627
5529
5554
5457
5497
5551
5651
5573
5652
5586
5631
5574
5549
5491
5582
5563
5552
5519
5603
5496
5523
5589
5605
5574
5476
5414
5469
5612
5584
5638
5601
5631
5561
5618
5557
5681
5593
5596
5593
5681
5608
5506
5610
5625
5570
5543
5523
5490
5469
5521
5584
5621
5568
5561
5478
5534
5596
5568
5499
5603
5519
5594
5569
5612
5488
5515
5588
5614
5595
5617
5561
5568
5632
5521
5562
5492
5507
5586
5653
5539
5604
5481
5564
5544
5506
5594
5470
5497
5589
5591
5553
5599
5527
5574
5593
5529
5591
5562
5612
5540
5593
5537
5477
5590
5563
5558
5578
5598
5683
5555
5611
5671
5535
5604
5544
5656
5582
5595
5523
5618
5628
5623
5686
5564
5547
5552
5599
5539
5494
5550
5611
5542
5584
5586
5554
5576
5526
5614
5583
5593
5612
5495
5536
5477
5586
5648
5570
5537
5529
5687
5570
5625
5528
5540
5550
5578
5560
5607
5519
5666
5651
5544
5623
5511
5612
5459
5523
5547
5544
5436
5600
5469
5617
5523
5539
5521
5616
5462
5554
5603
5565
5601
5523
5581
5526
5579
5542
5550
5489
5604
5620
5458
5588
5571
5644
5641
5519
5565
5660
5547
5560
5610
5516
5578
5641
5569
5692
5472
5451
5548
5518
5470
5665
5672
5556
5588
5476
5574
5466
5558
5555
5605
5588
5383
5619
5612
5532
5594
5466
5584
5586
5519
5526
5550
5517
5555
5492
5645
5554
5588
5450
5543
5572
5476
5510
5522
5544
5546
5627
5499
5430
5581
5560
5624
5599
5635
5474
5545
5603
5616
5460
5619
5586
5499
5607
5651
5604
5541
5578
5560
5583
5663
5577
5609
5437
5525
5575
5602
5430
5582
5567
5476
5542
5575
5576
5448
5534
5638
5589
5651
5676
5524
5575
5522
5531
5558
5552
5582
5602
5582
5573
5617
5584
5481
5600
5609
5431
5562
5567
5667
5607
5494
5592
5528
5536
5516
5472
5580
5489
5546
5516
5424
5654
5587
5485
5589
5626
5573
5480
5646
5563
5569
5511
5563
5476
5566
5596
5620
5563
5534
5551
5610
5584
5487
5598
5526
5653
5596
5609
5586
5527
5532
5571
5573
5592
5596
5538
5589
5563
5549
5514
5590
5544
5643
5509
5457
5644
5575
5589
5542
5613
5622
5481
5600
5573
5505
5514
5502
5635
5571
5459
5540
5514
5507
5585
5547
5481
5515
5457
5529
5557
5645
5502
5514
5542
5627
5478
5549
5619
5524
5483
5528
5642
5546
5577
5674
5641
5598
5426
5510
5604
5633
5621
5634
5556
5613
5487
5471
5679
5516
5627
5652
5517
5652
5485
5469
5466
5553
5527
5491
5510
5443
5513
5652
5495
5573
5501
5507
5540
5491
5592
5551
5480
5451
5541
5543
5446
5429
5507
5516
5535
5556
5507
5515
5590
5571
5533
5554
5522
5494
5555
5584
5490
5630
5510
5534
5503
5574
5571
5487
5482
5493
5578
5451
5544
5548
5490
5472
5499
5472
5531
5571
5514
5597
5568
5527
5464
5693
5477
5558
5528
5580
5538
5546
5615
5580
5578
5574
5444
5620
5560
5509
5527
5450
5613
5582
5608
5630
5519
5583
5543
5484
5468
5498
5529
5679
5439
5546
5548
5591
5589
5579
5429
5435
5620
5566
5513
5609
5464
5630
5601
5571
5510
5613
5546
5577
5577
5591
5463
5417
5506
5555
5579
5523
5651
5559
5500
5505
5619
5540
5641
5518
5504
5622
5551
5565
5571
5577
5593
5581
5550
5526
5577
5550
5489
5505
5511
5540
5657
5482
5551
5537
5511
5545
5525
5557
5400
5486
5608
5688
5521
5594
5492
5518
5682
5554
5574
5519
5543
5532
5466
5541
5544
5542
5551
5637
5613
5633
5471
5503
5497
5707
5516
5493
5638
5380
5507
5558
5463
5486
5523
5645
5569
5515
5563
5481
5539
5480
5569
5629
5467
5590
5541
5550
5547
5566
5655
5571
5586
5545
5626
5506
5594
5530
5559
5549
5498
5559
5562
5465
5565
5585
5552
5578
5557
5558
5558
5539
5530
5566
5504
5432
5506
5550
5494
5595
5569
5590
5496
5479
5498
5543
5551
5615
5559
5606
5567
5520
5498
5502
5534
5685
5532
5572
5534
5579
5444
5491
5524
5585
5529
5584
5545
5544
5597
5597
5500
5535
5491
5552
5598
5542
5574
5619
5552
5427
5443
5539
5530
5688
5693
5523
5540
5511
5654
5504
5484
5490
5484
5616
5559
5488
5547
5464
5527
5564
5508
5568
5467
5507
5588
5494
5617
5506
5489
5430
5589
5520
5665
5497
5525
5523
5612
5628
5432
5516
5565
5460
5524
5563
5538
5714
5549
5529
5570
5581
5551
5603
5594
5545
5643
5468
5674
5598
5570
5551
5548
5661
5527
5373
5542
5494
5405
5495
5628
5442
5476
5524
5514
5528
5563
5613
5491
5512
5624
5477
5643
5546
5432
5404
5561
5481
5601
5631
5479
5559
5539
5465
5540
5447
5563
5567
5396
5484
5542
5516
5580
5490
5493
5504
5543
5540
5568
5559
5497
5505
5559
5455
5550
5535
5493
5549
5569
5529
5576
5473
5545
5483
5529
5506
5706
5635
5535
5389
5506
5667
5549
5579
5468
5613
5567
5614
5498
5591
5460
5495
5560
5564
5549
5488
5602
5550
5495
5527
5549
5488
5508
5500
5498
5420
5646
5518
5473
5428
5551
5525
5500
5475
5432
5638
5593
5432
5519
5593
5471
5526
5556
5629
5612
5564
5542
5563
5487
5443
5580
5520
5543
5564
5608
5623
5567
5411
5545
5571
5610
5464
5591
5452
5491
5557
5558
5490
5583
5525
5470
5485
5476
5522
5486
5515
5574
5554
5555
5596
5476
5430
5454
5601
5592
5561
5483
5425
5640
5543
5522
5501
5473
5536
5560
5452
5485
5456
5628
5584
5548
5518
5544
5545
5528
5513
5528
5525
5535
5624
5544
5542
5553
5438
5626
5544
5463
5524
5480
5437
5554
5517
5503
5486
5547
5594
5642
5578
5438
5493
5459
5485
5525
5531
5521
5483
5488
5469
5556
5688
5512
5553
5595
5464
5498
5547
5550
5566
5600
5567
5581
5440
5471
5512
5641
5546
5475
5433
5557
5494
5403
5522
5467
5579
5559
5550
5591
5557
5483
5553
5468
5556
5603
5509
5521
5646
5608
5571
5490
5666
5564
5635
5521
5478
5619
5529
5456
5520
5602
5509
5568
5559
5649
5374
5429
5613
5548
5611
5504
5597
5546
5516
5556
5590
5495
5604
5486
5487
5658
5463
5527
5592
5519
5508
5586
5485
5605
5533
5526
5545
5398
5603
5520
5449
5509
5484
5520
5482
5611
5486
5592
5492
5554
5503
5537
5651
5573
5575
5292
5451
5506
5632
5494
5453
5582
5501
5557
5484
5500
5496
5487
5501
5561
5436
5564
5529
5498
5503
5493
5489
5544
5496
5576
5507
5472
5558
5499
5535
5470
5430
5696
5490
5510
5492
5464
5546
5539
5570
5402
5509
5476
5505
5655
5539
5480
5507
5564
5534
5505
5504
5520
5417
5579
5527
5570
5465
5511
5627
5468
5568
5404
5511
5617
5532
5483
5609
5545
5550
5430
5467
5343
5458
5577
5562
5505
5444
5549
5566
5534
5555
5545
5519
5566
5470
5637
5556
5508
5517
5504
5506
5574
5465
5597
5544
5530
5538
5557
5434
5581
5544
5529
5517
5507
5508
5614
5468
5461
5444
5578
5564
5488
5425
5486
5497
5501
5521
5612
5401
5480
5517
5581
5460
5547
5509
5460
5492
5475
5496
5459
5580
5465
5518
5488
5557
5470
5520
5502
5552
5557
5499
5491
5575
5462
5464
5604
5367
5493
5483
5598
5373
5508
5495
5592
5531
5537
5538
5534
5646
5566
5591
5533
5593
5486
5549
5551
5443
5476
5551
5464
5587
5556
5526
5647
5510
5514
5435
5531
5495
5438
5494
5475
5530
5437
5545
5510
5436
5522
5516
5462
5526
5583
5477
5491
5465
5544
5371
5535
5491
5401
5518
5516
5468
5458
5506
5524
5496
5570
5478
5543
5533
5491
5526
5422
5615
5485
5572
5515
5582
5451
5527
5509
5476
5525
5466
5469
5438
5432
5502
5517
5413
5454
5605
5453
5546
5506
5562
5558
5605
5485
5450
5567
5560
5486
5631
5527
5526
5558
5470
5471
5628
5525
5492
5534
5503
5453
5470
5576
5382
5502
5608
5377
5570
5613
5562
5500
5560
5484
5587
5484
5486
5528
5564
5475
5533
5520
5565
5543
5462
5475
5544
5481
5612
5485
5557
5591
5671
5465
5374
5541
5610
5390
5540
5538
5458
5488
5632
5408
5499
5581
5475
5561
5406
5422
5466
5487
5474
5482
5428
5542
5478
5536
5597
5559
5523
5466
5604
5528
5478
5487
5476
5434
5492
5454
5463
5522
5656
5524
5459
5482
5491
5577
5449
5542
5488
5442
5533
5415
5486
5481
5545
5570
5599
5580
5468
5564
5539
5450
5441
5542
5474
5553
5510
5426
5516
5522
5569
5469
5541
5455
5592
5504
5430
5571
5554
5511
5404
5538
5394
5511
5502
5588
5556
5485
5375
5419
5448
5508
5458
5510
5480
5573
5528
5418
5494
5526
5458
5565
5510
5406
5518
5443
5564
5439
5551
5546
5635
5434
5573
5542
5430
5443
5473
5541
5585
5359
5549
5434
5546
5516
5505
5467
5538
5456
5477
5509
5643
5574
5497
5575
5514
5493
5565
5518
5513
5528
5445
5555
5528
5456
5396
5443
5500
5583
5485
5588
5490
5592
5514
5575
5534
5469
5462
5536
5469
5421
5544
5545
5514
5494
5471
5430
5566
5370
5567
5686
5567
5589
5480
5559
5511
5472
5527
5710
5427
5459
5524
5377
5582
5646
5544
5360
5488
5458
5459
5470
5558
5537
5590
5476
5517
5433
5465
5384
5562
5525
5414
5361
5693
5586
5539
5422
5501
5429
5532
5368
5564
5444
5462
5348
5543
5432
5466
5555
5535
5467
5602
5543
5497
5518
5480
5667
5406
5458
5520
5639
5444
5381
5612
5592
5451
5475
5412
5430
5511
5587
5521
5583
5428
5504
5529
5394
5497
5365
5495
5628
5442
5482
5454
5519
5439
5481
5595
5471
5568
5448
5385
5475
5505
5413
5562
5636
5517
5449
5523
5509
5422
5459
5462
5540
5602
5572
5451
5576
5417
5475
5435
5472
5646
5615
5531
5645
5436
5548
5466
5404
5536
5490
5575
5543
5444
5551
5454
5466
5539
5550
5482
5457
5577
5458
5522
5591
5544
5452
5616
5426
5476
5595
5547
5519
5533
5505
5538
5511
5492
5552
5527
5524
5476
5424
5457
5498
5509
5600
5469
5463
5478
5535
5398
5477
5419
5549
5488
5536
5532
5461
5490
5442
5530
5482
5515
5481
5434
5553
5405
5528
5522
5430
5406
5557
5480
5552
5509
5501
5585
5533
5384
5427
5452
5527
5518
5292
5509
5391
5534
5604
5479
5456
5427
5454
5432
5451
5531
5472
5490
5454
5586
5535
5425
5439
5563
5599
5461
5396
5530
5477
5493
5519
5609
5497
5372
5436
5412
5514
5526
5517
5505
5589
5446
5552
5365
5498
5474
5475
5495
5502
5529
5505
5462
5537
5534
5446
5549
5490
5528
5512
5542
5385
5426
5441
5419
5493
5551
5509
5436
5519
5416
5441
5595
5617
5413
5429
5639
5580
5561
5477
5478
5494
5441
5423
5599
5451
5470
5420
5502
5539
5571
5451
5491
5464
5502
5457
5411
5478
5490
5604
5477
5512
5618
5472
5414
5582
5474
5430
5404
5474
5459
5434
5482
5586
5508
5417
5561
5633
5576
5585
5503
5397
5539
5573
5519
5558
5507
5522
5410
5533
5483
5540
5561
5612
5468
5548
5492
5595
5437
5484
5510
5419
5627
5478
5442
5500
5525
5479
5501
5512
5582
5574
5390
5547
5448
5486
5478
5433
5546
5478
5493
5495
5522
5382
5531
5597
5473
5519
5532
5488
5538
5464
5560
5461
5551
5502
5449
5441
5593
5492
5435
5559
5481
5547
5445
5477
5451
5385
5538
5521
5425
5440
5448
5534
5439
5460
5551
5426
5428
5435
5494
5540
5579
5499
5542
5425
5458
5539
5412
5587
5519
5436
5489
5436
5452
5553
5541
5524
5550
5367
5436
5527
5445
5467
5464
5552
5463
5506
5409
5416
5556
5374
5377
5504
5469
5438
5448
5422
5437
5633
5497
5578
5401
5496
5569
5466
5492
5494
5513
5518
5455
5551
5481
5538
5495
5529
5458
5526
5449
5553
5528
5486
5462
5501
5505
5435
5501
5536
5440
5359
5416
5453
5446
5437
5518
5574
5521
5551
5413
5506
5422
5367
5462
5588
5307
5469
5514
5489
5560
5489
5494
5441
5566
5539
5479
5436
5541
5455
5483
5518
5471
5495
5495
5436
5564
5494
5488
5490
5525
5520
5485
5543
5580
5326
5371
5502
5521
5520
5557
5589
5501
5542
5459
5418
5435
5469
5594
5568
5478
5484
5534
5423
5420
5530
5528
5634
5523
5528
5468
5585
5455
5525
5383
5500
5629
5458
5466
5455
5530
5505
5469
5492
5483
5487
5537
5486
5443
5368
5510
5415
5554
5401
5504
5512
5460
5510
5507
5526
5576
5588
5515
5524
5605
5469
5366
5516
5322
5489
5548
5576
5459
5585
5509
5382
5447
5401
5407
5594
5599
5507
5521
5406
5430
5377
5439
5539
5515
5542
5428
5453
5482
5454
5528
5464
5498
5470
5478
5364
5441
5492
5521
5387
5524
5515
5531
5484
5457
5479
5421
5418
5450
5282
5530
5465
5529
5484
5523
5470
5416
5425
5475
5450
5458
5593
5544
5503
5428
5480
5550
5493
5408
5429
5413
5548
5586
5558
5493
5449
5460
5462
5426
5464
5436
5536
5571
5483
5463
5424
5456
5568
5419
5612
5509
5499
5497
5568
5466
5522
5588
5502
5529
5360
5548
5440
5432
5522
5374
5684
5413
5384
5440
5461
5472
5567
5442
5456
5519
5521
5361
5437
5521
5489
5448
5518
5521
5513
5502
5347
5533
5473
5532
5484
5525
5471
5480
5383
5616
5496
5249
5404
5497
5489
5537
5478
5549
5558
5509
5284
5566
5484
5453
5433
5472
5469
5428
5488
5435
5539
5620
5461
5385
5475
5529
5534
5508
5458
5439
5454
5459
5511
5425
5517
5494
5476
5353
5565
5592
5448
5452
5432
5486
5412
5413
5439
5471
5541
5515
5503
5515
5487
5510
5560
5543
5491
5536
5497
5521
5527
5441
5466
5364
5532
5481
5469
5516
5462
5450
5479
5415
5444
5556
5599
5560
5402
5559
5485
5449
5450
5569
5542
5401
5444
5569
5526
5541
5327
5319
5500
5398
5449
5406
5574
5427
5395
5526
5399
5395
5385
5535
5474
5499
5476
5412
5470
5619
5491
5379
5498
5438
5542
5423
5594
5516
5445
5432
5361
5464
5402
5563
5456
5396
5586
5410
5332
5495
5560
5534
5460
5454
5433
5488
5453
5474
5437
5471
5569
5548
5484
5512
5449
5446
5555
5480
5456
5467
5442
5552
5501
5516
5401
5582
5496
5372
5440
5431
5457
5426
5362
5488
5449
5494
5492
5428
5504
5478
5335
5546
5527
5569
5510
5516
5369
5338
5527
5534
5456
5465
5491
5527
5381
5563
5452
5544
5452
5546
5497
5532
5390
5453
5439
5540
5472
5529
5464
5360
5463
5461
5446
5441
5492
5556
5446
5518
5420
5397
5504
5476
5495
5455
5486
5514
5458
5531
5472
5476
5482
5455
5346
5449
5508
5465
5601
5482
5513
5464
5390
5458
5526
5488
5451
5509
5513
5476
5482
5494
5445
5451
5585
5526
5386
5469
5509
5439
5514
5450
5455
5498
5460
5437
5518
5526
5471
5471
5466
5466
5466
5547
5455
5518
5434
5436
5403
5542
5451
5440
5464
5481
5488
5352
5533
5450
5382
5419
5452
5534
5437
5483
5505
5512
5377
5435
5443
5501
5500
5458
5468
5539
5408
5507
5475
5513
5441
5392
5439
5562
5401
5494
5468
5518
5459
5443
5496
5404
5488
5494
5494
5504
5399
5416
5425
5504
5525
5496
5477
5441
5455
5513
5452
5493
5386
5477
5567
5298
5486
5460
5409
5361
5507
5484
5453
5396
5477
5582
5457
5452
5438
5506
5408
5454
5477
5496
5407
5461
5458
5446
5474
5459
5534
5425
5451
5531
5537
5439
5377
5497
5379
5464
5490
5481
5463
5550
5505
5477
5544
5443
5463
5559
5519
5470
5485
5451
5489
5396
5472
5416
5469
5453
5438
5459
5444
5450
5429
5522
5439
5514
5440
5380
5418
5486
5535
5391
5416
5418
5547
5464
5305
5456
5481
5436
5383
5460
5494
5484
5503
5510
5439
5506
5426
5496
5452
5418
5531
5359
5448
5450
5437
5499
5388
5496
5359
5492
5456
5449
5517
5441
5396
5448
5465
5471
5529
5484
5362
5497
5445
5437
5432
5431
5470
5489
5464
5486
5448
5447
5493
5535
5444
5442
5486
5413
5481
5553
5489
5482
5488
5406
5480
5417
5426
5547
5483
5446
5520
5465
5389
5444
5507
5489
5390
5539
5474
5649
5505
5477
5571
5520
5376
5397
5352
5506
5469
5420
5514
5531
5498
5410
5334
5407
5448
5427
5494
5417
5427
5414
5423
5424
5449
5521
5479
5514
5480
5540
5487
5497
5574
5426
5564
5524
5345
5519
5469
5438
5344
5481
5516
5414
5429
5518
5408
5448
5463
5524
5361
5415
5573
5327
5541
5457
5485
5535
5498
5433
5393
5486
5452
5435
5437
5486
5465
5488
5508
5489
5540
5373
5486
5536
5553
5512
5458
5473
5385
5547
5542
5383
5453
5448
5526
5485
5420
5457
5429
5478
5457
5343
5549
5440
5449
5370
5421
5345
5440
5414
5492
5486
5462
5496
5510
5385
5475
5429
5559
5400
5619
5483
5444
5480
5447
5526
5445
5416
5433
5501
5497
5431
5459
5324
5465
5452
5473
5406
5397
5432
5374
5493
5458
5522
5586
5503
5514
5452
5451
5452
5493
5527
5459
5476
5414
5456
5362
5443
5531
5445
5442
5447
5273
5510
5428
5430
5554
5478
5418
5521
5458
5545
5456
5504
5504
5480
5490
5475
5454
5497
5408
5379
5554
5433
5424
5448
5486
5438
5590
5377
5489
5404
5436
5479
5400
5476
5521
5534
5461
5543
5438
5410
5521
5430
5361
5512
5537
5483
5503
5363
5537
5474
5405
5554
5459
5346
5445
5519
5538
5410
5524
5440
5423
5430
5407
5436
5341
5420
5456
5443
5489
5413
5425
5444
5490
5450
5468
5399
5386
5487
5437
5414
5424
5488
5369
5379
5619
5437
5326
5434
5505
5363
5478
5528
5492
5435
5510
5539
5543
5533
5379
5463
5568
5438
5602
5505
5466
5492
5523
5391
5463
5523
5495
5426
5372
5566
5376
5472
5469
5477
5483
5367
5440
5474
5406
5325
5412
5443
5491
5428
5487
5524
5502
5536
5477
5470
5481
5457
5538
5363
5450
5462
5460
5392
5313
5444
5435
5522
5526
5315
5455
5451
5518
5514
5490
5391
5454
5510
5346
5312
5485
5512
5558
5529
5478
5484
5495
5438
5544
5510
5459
5417
5498
5526
5462
5412
5552
5488
5520
5560
5511
5422
5402
5452
5495
5391
5400
5433
5507
5399
5310
5413
5326
5500
5424
5490
5454
5370
5456
5389
5512
5539
5351
5548
5465
5436
5301
5416
5535
5516
5475
5421
5419
5443
5411
5409
5424
5476
5474
5416
5508
5470
5443
5511
5421
5318
5498
5435
5491
5424
5489
5478
5447
5437
5538
5511
5517
5416
5491
5408
5437
5423
5498
5365
5452
5436
5477
5451
5401
5473
5375
5469
5411
5554
5412
5422
5451
5452
5384
5496
5404
5440
5516
5391
5393
5460
5557
5503
5433
5313
5509
5461
5546
5513
5441
5456
5445
5553
5362
5478
5540
5463
5439
5429
5426
5473
5377
5377
5430
5413
5497
5284
5429
5458
5473
5435
5444
5441
5402
5478
5494
5390
5381
5539
5440
5545
5575
5523
5459
5534
5351
5356
5351
5422
5453
5426
5467
5390
5499
5512
5446
5398
5462
5378
5368
5443
5416
5447
5401
5408
5497
5495
5476
5492
5393
5338
5542
5537
5505
5391
5413
5329
5424
5472
5413
5393
5479
5374
5397
5431
5423
5400
5455
5558
5469
5448
5358
5472
5404
5566
5398
5508
5419
5384
5449
5479
5334
5523
5510
5421
5386
5462
5497
5464
5487
5472
5447
5379
5471
5454
5471
5577
5534
5355
5474
5468
5480
5451
5550
5488
5602
5422
5392
5497
5425
5502
5481
5557
5491
5344
5592
5444
5423
5467
5346
5413
5414
5489
5430
5376
5422
5503
5470
5389
5413
5375
5529
5431
5479
5455
5462
5504
5363
5388
5557
5447
5437
5425
5357
5425
5349
5518
5561
5409
5404
5524
5482
5443
5476
5408
5381
5473
5505
5556
5402
5334
5468
5378
5509
5442
5396
5448
5564
5461
5357
5411
5461
5474
5446
5440
5394
5434
5481
5489
5382
5401
5555
5424
5373
5404
5413
5464
5380
5506
5435
5388
5427
5507
5496
5397
5369
5369
5474
5439
5406
5316
5421
5498
5461
5506
5311
5496
5379
5404
5481
5433
5425
5383
5386
5436
5507
5446
5482
5456
5451
5512
5353
5373
5390
5403
5276
5381
5413
5428
5541
5435
5573
5441
5560
5448
5326
5320
5430
5395
5377
5389
5478
5442
5454
5471
5471
5449
5431
5391
5484
5422
5485
5488
5415
5463
5493
5423
5421
5410
5354
5418
5506
5344
5613
5438
5567
5437
5424
5452
5568
5483
5369
5421
5413
5436
5402
5445
5443
5396
5424
5457
5349
5495
5426
5389
5524
5477
5430
5367
5402
5404
5479
5559
5374
5490
5306
5392
5382
5412
5480
5395
5373
5500
5437
5471
5385
5489
5385
5353
5333
5444
5486
5450
5438
5387
5336
5340
5487
5520
5449
5509
5424
5420
5373
5464
5436
5459
5536
5415
5280
5475
5432
5492
5420
5493
5568
5432
5480
5483
5490
5426
5440
5451
5378
5386
5491
5509
5412
5448
5321
5447
5448
5439
5443
5323
5474
5370
5450
5506
5268
5478
5397
5335
5392
5421
5450
5465
5508
5390
5399
5519
5378
5446
5400
5410
5543
5523
5463
5435
5390
5413
5517
5546
5424
5413
5492
5472
5474
5459
5477
5479
5310
5390
5443
5381
5451
5366
5483
5412
5443
5504
5471
5486
5488
5492
5470
5405
5525
5414
5469
5471
5431
5446
5460
5365
5447
5407
5487
5428
5369
5343
5488
5456
5506
5448
5451
5451
5517
5497
5284
5387
5385
5485
5440
5388
5392
5519
5482
5400
5490
5390
5411
5306
5458
5508
5433
5338
5568
5377
5392
5492
5437
5531
5372
5485
5530
5493
5391
5437
5462
5306
5477
5368
5475
5481
5423
5327
5448
5461
5453
5433
5383
5265
5440
5482
5474
5513
5390
5432
5474
5453
5536
5344
5445
5423
5396
5415
5436
5327
5317
5525
5452
5500
5376
5429
5427
5416
5346
5461
5468
5394
5397
5534
5399
5452
5532
5396
5448
5408
5463
5411
5422
5522
5408
5382
5366
5341
5440
5411
5493
5520
5444
5367
5555
5396
5404
5527
5408
5476
5374
5399
5361
5363
5523
5534
5394
5346
5488
5415
5468
5382
5483
5391
5435
5431
5449
5501
5411
5450
5319
5491
5412
5415
5359
5494
5435
5347
5416
5369
5406
5394
5495
5423
5477
5369
5486
5446
5336
5458
5437
5412
5458
5470
5513
5390
5425
5352
5422
5376
5382
5351
5445
5438
5462
5431
5483
5478
5344
5349
5463
5486
5404
5412
5515
5459
5409
5359
5561
5419
5444
5545
5504
5462
5491
5402
5372
5262
5436
5424
5448
5381
5363
5423
5469
5445
5503
5397
5458
5355
5444
5326
5376
5515
5461
5387
5550
5369
5392
5411
5390
5394
5466
5446
5367
5332
5602
5422
5433
5411
5385
5505
5438
5419
5400
5463
5390
5389
5481
5474
5558
5457
5435
5371
5492
5385
5528
5484
5492
5447
5420
5437
5451
5402
5521
5482
5438
5389
5491
5411
5405
5371
5476
5404
5416
5506
5385
5459
5422
5390
5502
5491
5357
5497
5466
5407
5474
5459
5437
5410
5382
5297
5440
5329
5412
5381
5402
5495
5415
5469
5362
5522
5378
5395
5418
5421
5400
5410
5510
5397
5514
5435
5489
5480
5316
5475
5446
5507
5512
5442
5466
5442
5412
5433
5374
5479
5341
5343
5423
5426
5375
5417
5396
5456
5409
5458
5332
5480
5376
5319
5379
5437
5493
5402
5410
5450
5384
5545
5392
5325
5419
5431
5507
5337
5385
5536
5429
5466
5414
5415
5343
5494
5448
5466
5452
5392
5444
5388
5421
5502
5421
5289
5353
5469
5378
5408
5431
5413
5343
5259
5456
5505
5472
5482
5504
5441
5427
5372
5444
5483
5352
5418
5370
5435
5264
5422
5506
5409
5351
5391
5467
5437
5376
5425
5421
5517
5422
5462
5403
5511
5373
5416
5420
5444
5411
5496
5372
5423
5435
5486
5409
5408
5448
5473
5434
5444
5488
5535
5486
5430
5377
5342
5490
5440
5384
5367
5442
5468
5315
5522
5391
5404
5366
5306
5377
5315
5458
5500
5471
5376
5364
5463
5311
5451
5337
5476
5352
5375
5465
5413
5352
5398
5444
5485
5441
5547
5414
5302
5468
5396
5432
5391
5420
5398
5416
5500
5476
5464
5364
5526
5322
5396
5320
5521
5459
5488
5441
5446
5434
5405
5481
5375
5428
5382
5366
5404
5489
5445
5437
5432
5393
5422
5476
5455
5415
5427
5388
5457
5380
5390
5520
5488
5355
5483
5267
5377
5387
5393
5462
5318
5505
5418
5377
5433
5412
5454
5413
5384
5457
5485
5667
5481
5405
5466
5521
5329
5341
5314
5399
5369
5367
5445
5368
5337
5442
5530
5394
5357
5349
5477
5462
5437
5418
5481
5417
5444
5550
5344
5392
5451
5411
5403
5332
5371
5380
5353
5360
5297
5349
5419
5355
5543
5383
5444
5381
5405
5493
5424
5411
5414
5321
5471
5449
5505
5482
5508
5496
5339
5370
5359
5426
5464
5584
5501
5478
5394
5456
5294
5437
5382
5453
5474
5455
5446
5391
5442
5325
5495
5343
5411
5444
5425
5398
5456
5519
5403
5379
5336
5490
5483
5476
5452
5488
5418
5483
5316
5419
5420
5366
5495
5368
5510
5427
5336
5450
5484
5349
5413
5404
5528
5489
5411
5473
5385
5467
5441
5366
5316
5475
5365
5433
5344
5417
5384
5417
5383
5471
5355
5407
5518
5318
5366
5398
5398
5395
5352
5490
5442
5336
5413
5447
5437
5384
5435
5409
5429
5413
5461
5303
5568
5475
5379
5462
5442
5485
5419
5391
5402
5440
5356
5426
5362
5488
5476
5413
5375
5445
5499
5313
5435
5379
5409
5412
5327
5354
5374
5448
5307
5544
5346
5502
5469
5452
5366
5469
5424
5410
5362
5314
5552
5460
5449
5397
5334
5452
5386
5424
5388
5359
5438
5421
5519
5320
5391
5394
5387
5476
5450
5531
5351
5407
5319
5506
5399
5445
5393
5449
5471
5345
5490
5449
5453
5495
5449
5410
5532
5465
5343
5384
5575
5409
5452
5485
5416
5402
5501
5458
5360
5413
5510
5590
5469
5333
5369
5478
5441
5439
5432
5410
5416
5459
5489
5328
5369
5397
5432
5415
5502
5458
5500
5440
5272
5374
5425
5385
5362
5461
5394
5433
5420
5455
5472
5280
5477
5421
5399
5340
5558
5285
5485
5399
5505
5405
5406
5363
5490
5511
5402
5558
5419
5329
5445
5354
5404
5377
5571
5404
5358
5489
5505
5378
5463
5384
5357
5383
5469
5487
5400
5334
5373
5302
5368
5398
5487
5331
5445
5442
5302
5349
5441
5368
5378
5401
5421
5509
5432
5448
5469
5388
5443
5491
5339
5523
5370
5436
5420
5444
5402
5402
5382
5318
5448
5327
5502
5441
5422
5327
5428
5450
5335
5381
5431
5327
5398
5382
5432
5386
5429
5426
5611
5392
5469
5324
5425
5374
5468
5299
5394
5396
5293
5357
5387
5360
5394
5480
5357
5463
5449
5411
5470
5526
5420
5537
5367
5435
5419
5457
5447
5404
5438
5444
5413
5255
5263
5409
5363
5446
5431
5361
5431
5370
5421
5407
5427
5494
5462
5480
5340
5350
5371
5419
5395
5474
5519
5443
5421
5445
5376
5479
5427
5353
5426
5378
5296
5393
5530
5421
5336
5508
5418
5351
5502
5458
5435
5411
5451
5256
5502
5473
5367
5478
5466
5421
5345
5315
5439
5492
5463
5345
5441
5461
5396
5327
5462
5393
5354
5400
5410
5421
5384
5402
5365
5464
5439
5515
5384
5454
5490
5430
5426
5336
5394
5355
5343
5385
5436
5410
5429
5396
5452
5529
5483
5481
5402
5517
5379
5563
5432
5370
5381
5392
5389
5475
