26828
23362
22549
21881
21373
21090
20828
20853
20531
20257
20221
20018
20028
19824
19559
19633
19557
19417
19318
19163
19236
19363
19110
19134
18870
18925
18787
18947
19020
18604
18743
18789
18540
18408
18613
18571
18641
18490
18333
18599
18302
18248
18296
18339
18142
18436
18353
17984
18193
18297
18053
17947
18102
17972
18023
18028
17914
17985
17872
18042
17714
17916
17874
17731
17771
17924
17784
17900
17715
17909
17648
17637
17900
17708
17620
17717
17654
17475
17486
17520
17570
17493
17621
17475
17633
17502
17567
17464
17423
17433
17291
17403
17300
17433
17410
17404
17338
17282
17448
17468
17386
17447
17261
17272
17231
17188
17104
17237
17306
17142
17252
17182
17180
17234
17528
17102
17213
17250
17156
17033
17150
17193
17231
16908
17307
17054
17016
17066
17190
16965
17105
17082
17192
16914
16856
16917
17290
17117
17085
17044
16819
16809
16854
17016
17011
17051
16991
17038
16930
16976
16856
16829
17087
16838
16868
16824
16904
16736
16913
16839
16991
16740
16897
16903
16793
16831
16757
16734
16710
16803
16770
16756
16884
16640
16804
16791
16846
16729
16792
16790
16798
16671
16699
16840
16765
16636
16614
16826
16708
16664
16646
16530
16565
16649
16634
16602
16522
16744
16631
16666
16548
16502
16758
16597
16497
16768
16791
16526
16517
16503
16687
16465
16497
16686
16611
16595
16415
16657
16622
16550
16506
16608
16371
16704
16393
16513
16315
16435
16461
16447
16533
16499
16464
16390
16383
16445
16262
16361
16410
16448
16294
16451
16252
16366
16461
16454
16255
16395
16380
16361
16364
16353
16275
16430
16326
16408
16288
16468
16327
16341
16414
16300
16452
16525
16377
16282
16409
16304
16494
16256
16115
16307
16395
16257
16383
16496
16303
16399
16328
16347
16241
16205
16339
16381
16248
16158
16367
16395
16293
16211
16286
16164
16295
16141
16006
16269
16117
16108
16297
15999
16359
16377
16350
16196
16210
16247
16194
16238
16120
16139
16224
16280
16072
16126
16221
16272
16209
16249
16163
16276
16146
16159
16072
16056
16175
16026
16157
16136
16145
16127
16208
16093
16120
16147
16132
16197
16043
16188
16077
16176
16091
16116
16187
16076
16220
16358
15998
16069
16169
16207
16044
16203
16103
15892
16275
16062
16056
15971
15984
16006
16097
16110
16087
16106
16024
16006
16049
15969
16041
15961
16024
15906
15948
15969
16001
15976
16013
15917
16049
15943
16025
15983
16019
15987
16139
15858
15874
15987
15913
16046
16075
15831
15941
15970
15975
16131
15978
15986
15954
15953
15871
16124
15822
15879
16018
15873
16046
15940
15971
16046
15795
16017
15952
15912
15985
16030
16027
15837
15969
15989
15592
15824
15977
15758
15884
15906
15994
15823
15772
15701
16002
15892
15774
15908
15995
16006
15850
15984
15889
15858
15867
15825
15813
15727
15757
15914
15965
15846
15831
15764
15830
15832
15939
15856
15841
15938
16029
16047
15826
15911
15744
15817
15774
15704
16004
15758
15763
15839
15845
15669
15744
15745
15806
15859
15986
15912
15702
15849
15932
15853
15861
15855
15887
15672
15785
15678
15853
15921
15706
15631
15766
15743
15705
15641
15901
15786
15755
15698
15494
15716
15711
15751
15657
15804
15678
15778
15690
15636
15739
15661
15512
15747
15871
15582
15776
15809
15756
15651
15755
15886
15676
15706
15883
15747
15778
15715
15772
15827
15614
15538
15702
15602
15827
15584
15836
15696
15744
15857
15658
15707
15581
15777
15537
15621
15650
15634
15829
15538
15828
15904
15647
15710
15669
15544
15823
15638
15633
15758
15728
15793
15532
15585
15649
15589
15503
15693
15545
15483
15676
15633
15590
15703
15606
15809
15362
15587
15456
15785
15631
15633
15579
15676
15674
15775
15708
15681
15534
15550
15457
15768
15651
15661
15573
15671
15662
15698
15555
15694
15498
15689
15424
15685
15606
15636
15606
15779
15589
15650
15510
15418
15613
15460
15502
15579
15579
15641
15572
15522
15452
15589
15449
15617
15582
15506
15337
15543
15526
15545
15612
15588
15589
15432
15463
15638
15657
15538
15544
15453
15390
15613
15652
15644
15530
15680
15387
15507
15617
15516
15584
15531
15386
15613
15811
15608
15606
15415
15546
15523
15522
15634
15428
15571
15489
15446
15520
15525
15511
15597
15393
15424
15555
15537
15405
15574
15565
15456
15362
15456
15496
15328
15480
15403
15377
15486
15360
15531
15530
15339
15496
15333
15660
15518
15599
15578
15618
15428
15485
15453
15502
15622
15455
15486
15630
15442
15364
15212
15458
15317
15490
15518
15414
15376
15505
15359
15505
15362
15386
15589
15421
15262
15537
15430
15456
15621
15253
15611
15229
15425
15326
15440
15625
15512
15234
15504
15537
15389
15472
15461
15310
15503
15406
15418
15318
15491
15384
15274
15430
15215
15425
15499
15292
15497
15189
15326
15389
15267
15500
15604
15390
15473
15208
15367
15200
15306
15360
15354
15412
15309
15343
15487
15399
15506
15558
15372
15327
15369
15411
15185
15334
15354
15380
15400
15360
15373
15399
15501
15267
15251
15402
15322
15206
15428
15447
15516
15407
15566
15277
15205
15285
15376
15399
15470
15344
15286
15454
15384
15499
15497
15295
15307
15329
15389
15351
15404
15287
15273
15404
15228
15352
15316
15273
15509
15302
15403
15477
15200
15347
15195
15483
15405
15564
15185
15421
15107
15123
15221
15347
15263
15325
15195
15474
15210
15252
15208
15292
15440
15248
15195
15305
15634
15362
15343
15179
15406
15388
15320
15139
15400
15142
15276
15367
15460
15066
15398
15461
15256
15288
15169
15343
15276
15296
15232
15354
15366
15379
15342
15265
15325
15385
15127
15160
15401
15501
15215
15173
15246
15307
15184
15419
15126
15259
15028
15349
15209
15285
15256
15296
15233
15448
15156
15281
15085
15055
15133
15226
15257
15324
15257
15299
15224
15352
15226
15311
15311
15417
15099
15346
15191
15345
15225
14965
15288
15186
15160
15190
15180
15283
15160
15332
15131
15162
15316
15096
15118
15196
15195
15298
15303
15331
15184
15241
15133
15350
15373
15110
15178
15130
15197
15242
15099
15121
15214
15142
15188
15166
15367
15117
15137
15148
15257
15203
15151
15068
15223
15106
15299
15342
15263
15036
15141
15062
15166
15151
15096
15305
15075
15236
15175
15052
15047
15197
15145
15158
15255
14985
15079
15220
15304
15308
15179
15058
15309
14969
15116
15188
15146
15337
15115
15279
15191
15198
15059
14861
15256
15229
15219
15213
15005
15283
15154
15159
15333
15218
15164
14904
15177
15173
15110
15146
15259
15258
15074
14942
15105
15343
15127
15080
15074
15245
15110
15121
15161
15219
15204
15256
14972
15177
15096
15246
15265
15241
15083
14996
15116
15148
15014
15039
15000
15145
15358
15045
15101
15184
15173
15108
15156
15170
15134
14926
15174
15215
15077
15173
15184
15053
15067
15122
15120
15108
15088
15358
15001
15081
15066
15159
15029
15161
15025
15038
15040
15068
14996
14865
15162
15124
15036
15278
15051
15140
15007
15136
15160
15124
15052
14980
15016
15184
14958
15020
14965
15130
15121
14853
15264
15183
15230
15008
14947
14960
15060
15014
15168
15151
15123
15065
15063
15177
15066
15112
15092
14938
14983
15156
15142
15015
15080
14932
15110
15007
15029
15195
15116
15002
15005
15040
15039
15170
15204
14898
15018
15060
15001
15077
15047
15021
14935
14948
14971
15123
15120
15017
15003
15012
15031
15158
14962
15084
15302
15062
14975
14988
14982
15078
15048
14968
15136
14924
15021
14930
15090
14977
15025
14984
15093
14898
15107
15090
15202
15067
15036
15121
14925
14903
15073
15135
14919
15082
14926
15015
14962
14897
15068
14984
15125
15013
15181
15090
15131
14808
15042
15141
14955
15068
15029
14981
15031
15030
14987
14845
14938
14864
15087
15165
14979
15024
14959
15102
15094
15087
15063
14848
14854
15005
15014
14967
15010
15071
15043
15017
15054
15053
14906
15079
15097
14946
14890
14868
15071
14872
14885
14883
14972
14795
15068
14915
15118
14993
15047
15103
15057
14859
14977
14909
15013
14908
15009
14933
15036
14957
14843
15053
14897
14926
14878
15106
15163
14830
14964
15029
14931
15055
14842
14912
15166
14837
14945
15094
14776
14982
15037
14956
14937
15078
14931
14902
15066
14932
14852
14974
14794
14948
14955
15053
14940
15026
14992
15002
15163
15121
14852
14966
14897
14944
14780
14976
14758
15073
14950
14965
14966
14846
15044
14865
14987
15057
14963
15047
14726
14893
14907
15051
14930
15111
14927
15003
15063
14960
14915
15112
15104
14885
15147
14826
14894
14976
14868
14883
14800
14877
14883
14804
15043
15024
14889
14948
14933
14869
14916
15022
15028
14899
14972
14986
14938
14998
14750
15012
14933
14964
14897
15009
14987
14944
14748
14916
14862
15144
14993
14932
15077
14863
15039
14799
14891
14871
14884
14886
15053
14819
14816
14817
14752
14865
14741
14759
14760
14794
14879
14855
14773
14938
15016
14909
14897
14853
14719
15022
14798
14845
14986
15032
15001
14921
14902
14788
14894
14984
14848
14903
15056
14861
14972
14882
14858
14764
14952
14977
14906
14720
14913
14869
14712
14858
14810
14879
14832
14896
14841
14801
14679
14835
14910
14780
14918
14992
14630
14980
14825
14923
14832
15110
14840
14910
14701
14873
14796
14898
14774
14914
14930
15022
14748
14812
14838
14875
14896
15005
14917
14831
14616
14858
14739
14967
14972
14746
14957
14815
14871
14803
14873
14871
14907
14680
14941
14728
14864
14796
14866
14915
14790
14805
14859
14710
14804
14787
14745
14896
14773
14831
14797
14929
14908
14929
14813
14741
14917
14839
14991
14837
15014
14839
15018
14683
14884
14740
14677
14755
14755
14774
14799
14997
14669
14877
14763
14802
14871
14876
14865
14893
14833
14768
14878
14868
14766
14798
14668
14906
14883
14782
14736
14844
14775
14815
14812
15047
14905
14835
14842
14816
14874
14853
14841
14800
14789
14786
14694
14931
14677
14712
14921
14733
14808
14810
14906
14919
14693
14853
14721
14632
14949
14866
14670
14851
14905
15058
14818
14629
14670
14877
14855
14825
14730
14873
14838
14812
14788
14798
14633
14770
14666
14989
14695
14808
14734
14899
14701
14743
14864
14797
14733
14809
14669
14858
14769
14781
14869
14808
14909
14953
14763
14581
14717
14814
14873
14728
14718
14804
14780
14899
14719
14907
14722
14659
14788
14767
14788
14754
14845
14802
14863
14887
14798
14696
14626
14972
14691
14852
14727
14804
14801
14787
14714
14741
14697
14780
14809
14852
14843
14845
14677
14819
14817
14804
14780
14752
14745
14748
14580
14868
14654
14617
14687
14739
14713
14788
14681
14655
14644
14760
14784
14612
14814
14800
14792
14819
14862
14837
14783
14791
14597
14689
14660
14896
14854
14775
14746
14858
14747
14786
14714
14836
14712
14809
14873
14721
14791
14721
14708
14925
14799
14830
14697
14754
14722
14740
14782
14607
14836
14726
14671
14819
14643
14802
14801
14555
14826
14814
14864
14740
14780
14686
14710
14824
14619
14635
14959
14648
14658
14828
14840
14740
14591
14678
14720
14723
14776
14676
14825
14675
14632
14605
14685
14777
14818
14621
14739
14867
14798
14747
14769
14800
14707
14828
14798
14727
14614
14623
14698
14606
14772
14647
14657
14881
14669
14827
14693
14635
14569
14747
14944
14622
14627
14551
14907
14595
14546
14709
14652
14757
14717
14542
14632
14728
14681
14828
14570
14839
14672
14816
14717
14778
14867
14756
14656
14712
14556
14617
14531
14729
14779
14786
14739
14669
14618
14581
14693
14677
14662
14644
14641
14744
14819
14781
14807
14608
14499
14791
14782
14861
14615
14575
14713
14737
14739
14727
14622
14725
14624
14671
14562
14778
14706
14695
14615
14591
14650
14630
14522
14598
14602
14721
14661
14657
14614
14769
14606
14772
14648
14566
14828
14715
14693
14625
14759
14492
14656
14809
14621
14898
14718
14705
14526
14663
14573
14457
14605
14673
14737
14670
14688
14708
14713
14672
14651
14601
14881
14622
14660
14675
14793
14719
14647
14607
14728
14670
14505
14619
14673
14534
14623
14553
14647
14517
14714
14623
14616
14557
14557
14706
14746
14826
14546
14696
14611
14758
14753
14730
14586
14588
14754
14450
14668
14480
14705
14612
14634
14543
14696
14703
14626
14616
14658
14597
14620
14680
14625
14595
14662
14580
14546
14637
14720
14653
14801
14566
14656
14504
14708
14767
14569
14688
14707
14689
14613
14627
14592
14712
14579
14702
14645
14629
14598
14530
14799
14661
14670
14537
14638
14639
14653
14548
14603
14557
14620
14364
14666
14487
14645
14733
14600
14702
14823
14665
14482
14772
14454
14631
14613
14531
14536
14642
14726
14565
14755
14601
14699
14632
14689
14724
14850
14669
14705
14660
14687
14733
14651
14677
14681
14640
14517
14620
14596
14573
14576
14498
14514
14591
14621
14514
14533
14651
14661
14507
14659
14625
14375
14464
14586
14678
14580
14664
14723
14712
14482
14526
14780
14721
14580
14493
14510
14690
14615
14676
14688
14616
14664
14530
14536
14492
14356
14770
14568
14470
14590
14716
14585
14660
14783
14556
14606
14712
14747
14597
14665
14552
14443
14612
14653
14666
14675
14470
14792
14767
14657
14533
14481
14580
14484
14474
14773
14573
14528
14471
14689
14500
14612
14432
14710
14784
14422
14650
14574
14593
14656
14548
14631
14586
14593
14444
14524
14478
14773
14630
14539
14648
14654
14502
14585
14495
14440
14692
14580
14510
14529
14594
14574
14530
14667
14624
14532
14674
14579
14539
14508
14645
14550
14643
14601
14592
14570
14509
14510
14418
14577
14610
14712
14611
14432
14527
14658
14494
14677
14280
14679
14693
14707
14712
14556
14631
14498
14538
14663
14490
14765
14670
14510
14488
14610
14550
14601
14416
14613
14569
14574
14614
14553
14649
14647
14519
14501
14642
14414
14445
14659
14556
14516
14629
14425
14457
14456
14562
14661
14607
14569
14649
14594
14591
14517
14420
14539
14595
14413
14649
14583
14526
14647
14422
14459
14511
14518
14637
14639
14719
14646
14401
14643
14483
14510
14452
14536
14513
14522
14440
14645
14520
14718
14433
14467
14535
14540
14502
14389
14451
14577
14536
14571
14527
14613
14592
14327
14527
14375
14503
14541
14589
14393
14342
14563
14577
14575
14687
14576
14601
14486
14658
14479
14514
14526
14618
14509
14435
14584
14577
14542
14560
14524
14770
14583
14401
14366
14490
14725
14435
14614
14692
14508
14490
14388
14602
14508
14609
14422
14560
14609
14470
14471
14447
14764
14725
14494
14361
14432
14459
14444
14601
14421
14481
14600
14560
14489
14566
14562
14427
14510
14603
14457
14473
14526
14479
14329
14611
14558
14386
14570
14730
14489
14707
14299
14633
14424
14441
14516
14424
14483
14608
14443
14551
14452
14534
14463
14446
14555
14451
14506
14512
14322
14472
14631
14442
14358
14415
14466
14387
14391
14635
14350
14562
14504
14424
14576
14490
14583
14327
14504
14543
14373
14492
14497
14560
14560
14547
14345
14689
14524
14532
14623
14558
14318
14571
14538
14555
14562
14436
14492
14572
14459
14664
14413
14454
14481
14573
14437
14485
14565
14449
14461
14622
14532
14522
14331
14531
14464
14475
14410
14623
14570
14379
14347
14647
14508
14558
14492
14499
14716
14411
14281
14421
14435
14469
14436
14459
14456
14563
14377
14540
14439
14487
14410
14382
14502
14314
14507
14505
14593
14308
14432
14537
14508
14518
14310
14439
14445
14399
14639
14581
14298
14550
14245
14449
14519
14413
14353
14672
14528
14489
14477
14436
14569
14477
14446
14436
14395
14402
14391
14527
14389
14428
14553
14375
14404
14679
14451
14288
14519
14379
14561
14383
14365
14480
14370
14577
14416
14511
14468
14461
14554
14567
14593
14459
14576
14475
14383
14406
14349
14461
14462
14358
14336
14498
14656
14395
14582
14312
14507
14338
14433
14546
14445
14422
14454
14296
14405
14372
14390
14407
14522
14610
14457
14573
14356
14318
14514
14377
14531
14503
14446
14416
14491
14330
14454
14592
14362
14357
14529
14449
14470
14506
14363
14314
14421
14543
14462
14331
14396
14442
14451
14466
14528
14396
14499
14449
14465
14382
14541
14490
14469
14462
14430
14617
14313
14317
14434
14441
14509
14402
14340
14649
14402
14400
14486
14523
14391
14437
14501
14424
14300
14522
14538
14380
14529
14369
14454
14517
14497
14620
14387
14497
14641
14349
14296
14413
14447
14155
14403
14451
14390
14509
14613
14537
14368
14490
14643
14543
14432
14701
14280
14350
14188
14513
14458
14564
14504
14610
14326
14324
14620
14288
14358
14572
14432
14433
14446
14281
14429
14335
14489
14466
14480
14229
14337
14441
14226
14395
14276
14360
14526
14382
14510
14326
14250
14346
14500
14448
14375
14376
14321
14293
14394
14393
14414
14345
14535
14427
14437
14310
14509
14378
14394
14371
14396
14320
14474
14490
14480
14477
14375
14452
14458
14321
14436
14337
14479
14377
14193
14300
14550
14410
14345
14383
14333
14375
14437
14397
14360
14487
14339
14379
14334
14536
14405
14440
14562
14519
14341
14412
14255
14406
14320
14385
14488
14039
14273
14536
14508
14443
14327
14490
14245
14304
14285
14449
14509
14307
14424
14393
14510
14536
14559
14600
14327
14424
14355
14372
14487
14338
14268
14276
14366
14512
14482
14306
14327
14273
14590
14431
14337
14496
14421
14216
14377
14545
14423
14250
14422
14543
14454
14249
14220
14471
14457
14259
14239
14355
14285
14441
14392
14397
14246
14201
14238
14375
14300
14355
14503
14405
14295
14336
14537
14301
14272
14354
14320
14449
14396
14492
14357
14414
14441
14319
14293
14403
14323
14238
14508
14426
14393
14528
14435
14318
14341
14267
14303
14197
14183
14349
14253
14406
14425
14442
14477
14218
14630
14471
14455
14364
14265
14344
14298
14473
14462
14160
14384
14436
14334
14236
14332
14447
14288
14250
14475
14341
14360
14228
14246
14279
14417
14382
14274
14497
14235
14449
14245
14440
14493
14257
14388
14188
14300
14391
14479
14261
14402
14289
14523
14194
14411
14292
14269
14330
14331
14217
14487
14341
14279
14337
14380
14289
14293
14313
14291
14475
14116
14311
14377
14416
14418
14230
14390
14407
14567
14440
14402
14284
14440
14265
14323
14325
14358
14336
14344
14454
14474
14385
14381
14340
14270
14529
14402
14281
14343
14318
14339
14420
14321
14194
14292
14164
14335
14329
14281
14460
14293
14306
14355
14202
14272
14272
14467
14217
14280
14172
14281
14308
14257
14392
14399
14484
14328
14387
14458
14348
14322
14187
14265
14299
14396
14372
14369
14316
14439
14304
14345
14506
14303
14544
14340
14356
14327
14278
14379
14447
14174
14466
14279
14216
14369
14510
14401
14366
14258
14301
14385
14280
14325
14185
14449
14330
14526
14222
14379
14257
14419
14293
14367
14282
14067
14325
14236
14282
14332
14343
14221
14566
14385
14237
14301
14236
14152
14240
14471
14331
14337
14313
14345
14271
14493
14268
14219
14286
14273
14373
14370
14384
14492
14343
14363
14376
14362
14556
14404
14193
14170
14237
14428
14339
14233
14433
14352
14262
14273
14315
14165
14444
14341
14420
14244
14399
14292
14399
14148
14368
14254
14437
14382
14167
14283
14171
14478
14343
14400
14359
14302
14240
14294
14401
14266
14385
14283
14324
14321
14160
14384
14158
14207
14256
14449
14073
14191
14379
14215
14144
14296
14214
14365
14453
14205
14185
14438
14405
14235
14318
14216
14340
14297
14156
14301
14033
14327
14259
14233
14339
14201
14296
14115
14246
14378
14332
14234
14366
14299
14253
14294
14233
14337
14443
14302
14439
14406
14164
14234
14368
14520
14131
14096
14491
14205
14363
14450
14366
14234
14201
14359
14307
14400
14409
14021
14319
14305
14342
14366
14223
14286
14302
14312
14209
14440
14353
14460
14336
14309
14215
14333
14288
14201
14335
14344
14299
14196
14256
14317
14329
14275
14351
14265
14249
14026
14210
14394
14132
14204
14313
14433
14269
14112
14285
14332
14267
14193
14319
14356
14122
14199
14520
14307
14358
14403
14255
14221
14324
14415
14458
14364
14267
14324
14381
14272
14240
14219
14264
14412
14079
14237
14232
14350
14247
14298
14230
14266
14221
14321
14168
14384
14378
14415
14246
14192
14147
14272
14160
14215
14239
14290
14275
14292
14172
14232
14276
14377
14370
14288
14267
14220
14371
14238
14476
14447
14204
14081
14299
14096
14207
14399
14350
14408
14358
14213
14321
14258
14177
14151
14433
14269
14175
14194
14207
14234
14347
14233
14316
14258
14270
14183
14323
14449
14332
14264
14098
14353
14357
14295
14190
14424
14217
14133
14285
14211
14389
14228
14287
14221
14214
14342
14210
14059
14326
14389
14329
14356
14285
14171
14214
14200
14314
14320
14169
14274
14323
14169
14237
14337
14202
14074
14224
14349
14283
14176
14203
14238
14134
14124
14223
14114
14292
14303
14039
14271
14326
14366
14253
14090
14382
14081
14203
14261
14278
14313
14158
14248
14385
14184
14203
14244
14176
13963
14449
14276
14335
14177
14316
14263
14313
14215
14037
14241
14279
14234
14285
14264
14312
14137
14262
14223
14148
14341
14296
14262
14264
14402
14166
14101
14316
14126
14160
13994
14092
14493
14445
14249
14183
14280
14030
14353
14403
14145
14314
14117
14271
14349
14238
14352
14287
14422
14288
14249
14243
14247
14291
14183
14212
14268
14183
14071
14097
14223
14360
14165
14370
14255
14236
14264
14110
14308
14285
14196
14184
14182
14298
14388
14199
14109
14115
14203
14150
14123
14299
14245
14233
14282
14172
14226
14220
14168
14430
14219
14184
14284
14189
14167
14208
14315
14104
14313
14225
14119
14252
14204
14171
14281
14117
14183
14253
14180
14125
14247
14326
14203
14170
14306
14402
14317
14269
14362
14287
14186
14075
14160
14362
14396
14255
14172
14133
14325
14130
14187
14227
14287
14300
14135
14175
14151
14095
14435
14285
14240
14094
14181
14119
14266
14248
14256
14211
14272
14400
14124
14253
14283
14272
14184
14165
14272
14100
14372
14191
14303
13996
14024
14202
14024
14182
14155
14234
14191
14252
14186
14306
14123
14131
14044
14287
14154
14130
14229
14168
14260
14096
14147
14244
14466
14360
14117
14154
14197
14137
14165
14247
14106
14195
14173
14209
14236
14149
14148
14259
14353
14103
14170
14161
14164
14074
14157
14191
14180
14195
14264
14214
14206
14129
14185
14128
14082
14134
14345
14313
14090
14129
14099
14205
14090
14213
14245
14200
14258
14152
14064
14186
14159
14237
14383
14118
14031
14090
14252
14110
14224
14123
14314
14121
14129
14166
14022
14209
14189
14333
14071
14161
14157
14205
14303
14283
14237
14171
14084
14224
14241
14240
14114
14317
14161
14092
14220
14286
14154
14170
14184
14188
14136
14242
14266
14298
14333
14181
14151
14276
14180
14263
14148
14200
14127
14317
14188
14046
14063
14100
14119
14137
14184
14048
14257
14072
14234
14272
14245
14271
14330
14236
14035
13989
14299
14392
14275
14290
14179
14174
14144
14188
13914
14281
14048
14128
14326
14081
14033
14303
14259
14183
14304
13925
14146
14272
14069
14154
14088
14437
14253
14290
13916
14312
14227
14298
14203
14221
14182
14243
14185
14114
14151
14209
14159
14247
14068
14289
14284
14316
14154
14140
14169
14205
14122
14215
14183
13999
14140
14208
14112
14199
14307
14221
14359
14154
14221
14077
14193
14187
14315
14251
13969
14233
14198
14240
14232
14209
14294
14009
14054
14119
14137
14322
14062
14015
14434
14090
14036
14147
14346
14222
14070
14321
14132
14126
14233
14145
14417
14289
14044
14085
13946
14166
14248
14325
14218
14154
14232
14305
14213
14182
14093
14230
14238
14076
14256
14166
14294
14027
14096
14174
14178
14127
14214
14232
14127
13968
14123
14073
14311
14171
14267
14194
14269
14171
13942
14099
14175
14176
14333
13905
14069
14083
14380
14244
14173
14184
14300
14205
14146
14196
14085
14111
14112
14171
14265
14161
14112
14173
14166
14092
14028
14031
14160
14169
14157
14307
13989
14274
14077
14139
14051
14275
14208
14121
14058
14166
14097
14329
14239
14205
14188
14109
14196
14372
14208
14099
14088
13966
14040
14134
14191
14129
14144
14356
14243
14151
14035
14296
14176
14100
14196
14132
14109
14230
14133
14140
14170
14225
14175
14140
14124
14070
14238
14064
14072
14231
13999
14074
14171
14255
14078
14072
14187
14074
14119
14155
14180
14153
14117
14082
14120
14291
14236
14218
14260
14091
14080
14157
14226
14059
14146
13963
14183
14216
14036
14001
14286
14372
14037
14201
14146
14034
14164
14162
14104
14166
14239
14105
14250
14219
14205
14230
14375
14119
14130
14258
14037
14102
14063
14192
14091
14074
14254
14074
14107
13980
14130
14064
14069
14140
14034
14107
14194
14203
14120
14188
14258
14104
14260
14157
14163
14006
14218
14014
14171
14046
14129
14109
14163
14297
14181
14094
14111
14064
14199
14005
14090
14094
14075
14077
14135
14101
14169
13964
14147
14315
14004
14104
14213
14201
14194
14143
14083
13995
14060
14044
14280
14156
14200
13983
14172
14165
14118
14106
14157
14169
14051
14191
14074
14161
14103
14203
14124
14033
13987
14093
14097
14316
13998
14238
14318
14133
14042
14020
14006
14080
14071
13952
14151
14118
14241
14180
14067
14226
14266
13959
14291
14168
14247
14090
14069
14227
14236
14156
14150
14207
14208
14056
14067
14097
14207
14116
14058
14127
14153
14034
13998
14252
14100
13954
14111
13934
14226
14130
14388
14067
14179
13954
14124
14283
14146
14258
13857
14128
14054
14170
14131
13986
14109
14048
14092
14124
14022
14112
14120
14134
13990
14150
14184
14276
14205
14232
14113
14084
14103
14228
14062
13959
14055
14149
14114
14129
14123
14023
14092
14039
14123
14045
14176
14103
14180
14039
14043
14301
14150
14072
14211
13975
14299
14050
14077
14006
14185
14143
14101
14092
14083
14145
14085
14033
14230
14234
14062
13986
14001
14062
13965
14019
14180
14035
14072
14084
13886
14065
14140
14063
14209
14163
14130
14200
14071
14187
14112
14038
14142
14117
14084
13973
14022
13970
14072
14013
14098
14113
14246
14028
14068
14204
14131
14054
14164
14219
13996
14183
14123
14209
14023
14086
14063
14016
14028
14123
14136
14076
14156
14014
14168
13893
14128
14025
13972
14132
14244
14116
14130
14209
13965
14026
14034
14120
14047
13927
14193
13977
14173
14087
13898
14110
14107
14027
14276
14168
14062
14106
14108
14263
14307
14017
14082
14168
13901
14112
14148
14137
14081
14028
13918
14342
14240
13958
14199
14175
14100
14031
14029
13994
14070
14037
14075
13969
13937
13935
14132
14085
14220
14197
13882
13988
14081
14061
14173
13909
14028
14170
14287
14104
14234
13976
14162
14028
14078
14081
14032
13947
14136
14164
13931
14205
14043
13985
13996
13984
14090
14293
13923
14054
14049
14130
14277
14149
13922
14158
14114
14055
14016
14138
14211
14116
14017
14092
14120
14059
13995
14124
13987
14077
14030
14187
14142
14041
14006
14048
13974
14180
13987
14027
14162
13968
13912
13950
14090
14048
13982
14114
13977
14011
13944
14046
14196
14254
14106
14135
14053
14208
13978
14065
13972
14106
14112
13916
14082
14063
14176
14237
14149
14043
14062
14157
14034
14056
13928
14012
14053
14007
13968
14077
14037
13811
14079
14083
14038
13922
13945
13991
14091
14035
13970
14115
14041
14198
14175
13973
14075
13991
13894
13892
14166
13907
13995
14169
13921
14013
14125
14288
13923
14089
14087
14118
14132
13913
14108
14016
14176
14038
14178
14017
14194
14063
14083
14208
14182
14037
14034
14090
13971
14102
14031
14116
14096
14047
14060
14100
14095
14050
13954
14199
13932
14032
13936
14128
14288
13866
13934
14069
14185
14207
13880
14070
13998
14136
14080
13983
14052
13991
14056
14030
13919
13998
14050
14265
13987
14098
14142
14071
14090
14083
13925
14083
14039
14236
13967
14025
14177
13802
14290
14033
13976
14056
14058
14098
14039
14026
13927
14058
14070
14126
13989
13897
14191
14025
13988
14043
14192
14078
14031
14016
14117
13967
13976
14069
14161
14054
13920
14113
14075
14002
13996
13957
14037
14101
14062
14073
13962
14004
13989
14153
13978
14171
13951
14131
14164
14006
13999
13889
13826
13992
13958
14045
13862
14013
14060
14012
13986
13959
13818
14051
13997
14032
13929
14060
14199
13881
14012
13987
14013
14095
13993
14112
14060
14045
13860
14136
13971
14091
13975
13983
14108
14040
14105
14026
14021
13816
14318
14016
13987
14068
13973
14058
13998
14016
14184
14102
14143
13986
13952
14059
13940
14160
13988
14072
13894
14123
14032
14116
13874
13946
13943
13901
14131
14179
14079
13963
14102
13993
14124
13993
14010
13965
14092
13945
14267
13970
14093
13940
14125
14018
13904
13860
13973
13949
13979
14060
14100
14009
14130
14278
14030
14084
14029
14045
13974
14034
13900
14053
13962
13918
13970
14055
14021
13996
14088
13844
14048
13894
14081
14101
13989
14037
14141
13902
14018
14102
14015
14212
14161
14015
14097
14012
14102
14036
14036
13987
14030
13967
13923
13960
13915
14077
14116
13960
14011
14205
14013
14199
14003
13998
13955
13997
13945
13970
13926
14061
14068
13976
14029
14072
14030
14155
14065
13986
13867
14155
13979
14081
13997
13975
14152
13936
14047
13962
14080
13955
14321
13965
13977
14025
14142
13985
13851
14042
13917
13916
14149
14039
14138
13934
14078
14063
14015
14187
13893
13963
14207
13832
14159
14018
14077
13892
13869
13956
14080
14164
14022
14100
14138
14064
13890
14007
13966
14003
13870
14051
14153
14058
14017
13975
13959
13864
14086
14153
13999
13949
14023
14056
14038
14114
13911
13986
13945
14027
14062
14025
14043
14108
14030
14155
13954
14153
13987
14057
13994
14215
13949
13986
13972
14020
13958
14017
14007
14049
14086
13973
14073
14016
13958
13993
13973
13850
14050
13930
14101
14100
13997
14069
14146
14001
13750
14195
13787
13948
14041
13901
13936
13916
13916
14097
13994
13898
13968
14055
14004
14114
13897
13874
14082
13974
14047
14028
13879
13988
13973
14127
13852
13941
13982
14029
14005
14010
14017
14046
13857
13960
13926
13992
14137
14007
14057
14049
14029
14084
14017
14138
13935
13777
14013
14156
13955
14079
13919
14018
13821
13959
14093
13996
14046
14134
14038
13993
13875
13958
14119
13868
13970
13904
13891
14029
13826
13855
13851
13965
13933
13992
14014
13941
13932
13823
13959
13956
13925
13925
14162
13935
14014
13981
14034
14109
14024
14055
13943
14012
14051
14038
13970
13893
13840
13885
13943
14084
14020
14135
14047
13845
13889
14040
13941
13944
14080
13850
14042
14012
13950
13894
14122
13846
13973
13815
14115
13962
13985
14080
13824
13944
14004
13854
14055
13856
13964
13925
14045
13881
13938
14035
13868
13898
13986
13882
13810
13897
13953
14000
14140
13988
13930
13933
13886
13897
14018
13944
13967
14020
14066
13842
13949
13681
14052
14105
14014
13937
13920
13934
13991
13972
14048
13995
13940
14110
13792
13928
13928
14034
14056
14111
14045
13893
13982
13970
14018
14168
13947
13927
13984
14014
13759
13983
13801
13888
14012
13948
13970
14062
13900
13943
13868
14070
13916
14070
14038
14030
14032
14069
13916
13891
14100
13977
13919
13958
14003
13883
13981
14050
14017
14096
13839
14005
13887
14057
13929
13942
14004
13863
14075
13883
13883
13979
13872
14257
13950
14055
13884
13979
13999
14161
14102
13956
14058
13871
13962
14000
13960
14007
13786
13909
14151
13759
13877
13990
14012
13919
13981
14008
14052
13887
13964
13933
14035
14091
14026
13928
13897
13984
13927
14035
14080
14005
14077
13864
13830
13817
14040
14034
13923
13975
13923
13948
14007
14015
13795
14101
14091
14064
13933
14064
13992
13808
14061
14005
14068
13987
13960
14150
13790
13914
14047
14055
13931
14043
13891
13985
13923
13771
14076
13993
13854
13947
14153
13877
14160
14059
13982
13905
13899
13882
13842
14037
13801
13856
13859
13926
14001
13972
13993
14052
13892
13831
13901
13954
14048
13878
14041
13846
14129
13889
13979
13963
13879
14090
14130
13837
13899
14037
14046
13954
14006
13973
13923
13843
13977
13983
14106
13904
13955
13713
14028
13891
13912
13922
14036
13744
14012
13822
13780
14096
14004
13980
13945
13760
14046
13850
13976
14029
13791
13937
13876
13939
13926
13911
13840
13981
13999
14044
13800
14011
13876
13878
14058
13932
13909
13750
13909
13999
13971
13921
13814
14079
13982
14148
14027
13970
13969
13874
13861
13943
13843
13900
14030
13897
14124
13806
13838
14091
13967
13821
13795
14016
13904
13774
13963
14070
13907
13980
13979
13994
14092
13931
13873
13820
13810
14008
13882
13963
14018
13834
13952
13892
13887
13858
13805
13960
13932
13893
13888
13891
13983
13991
13854
13951
13955
13947
13753
13922
13868
13849
13964
14025
14044
14113
13962
13973
13973
14029
13772
13801
13941
14036
14077
13939
14056
14134
13994
13901
13913
13903
14117
14001
13903
13848
13843
13981
13910
13767
13944
13970
14032
13872
13928
13967
13858
13729
13925
14141
13814
13973
13855
13853
13800
13852
13993
13963
14014
14044
14091
13869
13899
13969
13801
14009
13989
13796
13917
13828
13877
13912
13940
13849
13817
14010
14013
14024
13911
13944
13854
13738
14168
13983
13826
13990
14076
13786
13882
14006
13824
13825
14044
13881
13951
13932
13930
13843
14012
13989
13907
13877
13931
14036
13699
14045
13900
13884
13837
14198
13930
13991
13871
13990
13868
13958
14013
13897
13885
13829
13890
13992
13790
13917
14103
13902
13906
14031
13870
14017
13930
13992
14018
13904
13848
13988
13801
13847
13879
13969
13820
13744
13938
13946
13927
13976
13931
13884
13832
14020
13777
13931
13810
13872
13972
13895
13895
13876
13800
13921
13849
14012
13975
13949
14063
13863
13889
13988
13874
13786
13933
13742
13916
14080
13979
13984
14025
13925
13804
14050
13818
13965
13913
13894
13857
14003
13993
13855
13905
13888
13784
13758
13970
13947
14012
13855
13910
13695
14037
13780
13881
13966
14194
13833
13965
14033
14079
13888
13849
14077
13778
13980
13759
14026
13937
13896
13955
13810
13876
13722
13913
13778
13773
13884
13875
13938
13972
13746
13731
13760
14004
13911
13779
13779
13957
13862
13867
13910
13778
13864
13811
14006
13819
13924
13943
13965
13900
13805
13818
13848
13916
13805
13961
13998
13868
13812
13860
13985
13888
13858
13937
13837
13957
13852
13987
13854
13974
13863
13913
13947
13868
13967
13918
14061
14272
13699
13886
13986
14032
13874
14132
13935
13987
13862
13980
13910
13750
13934
13913
13846
13937
13752
13778
13951
13813
13956
13884
13862
13928
13899
13781
13895
14076
13957
14107
13973
14003
13987
13828
14034
13953
13893
13981
13863
13890
13898
13770
13839
14099
13913
13829
13846
14010
13709
13839
13944
14116
13911
13862
13778
13745
13856
13883
13772
13775
13864
13726
13818
13995
13778
13905
13994
13753
13750
13816
13869
13885
13862
13986
13959
13857
13864
13700
13900
13969
13737
13876
13786
13921
13948
13825
13906
13955
13920
13992
13817
13882
13834
13820
14028
13861
13849
13912
14087
13963
14052
13812
13923
13924
13825
13949
13949
13735
13737
13963
13710
13807
14078
13788
13970
13952
13989
14051
13877
13831
13953
13967
13994
13825
13872
14024
13644
13854
13906
13782
13676
13892
13832
13870
14090
13877
13995
13751
13868
13900
14006
13791
13857
13889
13905
13817
13836
13814
13860
13922
14059
13925
13912
14111
13913
13955
13689
13911
13910
13927
14043
13864
13968
14000
13759
13875
13904
13982
13962
13905
13659
13939
13985
13799
13887
13903
13866
13869
13807
13921
14051
13893
13889
13934
13784
14061
14006
13947
13779
14002
13838
13918
13926
13709
14003
13908
13809
13971
13959
13764
14012
13924
14064
13996
13734
13877
14005
13884
13921
13911
13772
13874
13869
13896
13876
13861
13820
13949
13839
13927
13849
13878
13983
13700
13894
14048
13893
13931
13948
13711
13931
13776
13966
13864
13715
13871
13911
13679
13806
13902
13883
13842
13892
13995
13831
13864
13868
13939
13708
13962
13865
14052
13815
13807
13852
13902
13923
13933
13839
13964
13964
13771
13925
13877
14058
13787
13855
13808
14015
13934
13861
13782
13644
13913
13764
13785
13980
13903
13732
13972
13927
13930
13923
13882
13848
14046
13942
13804
13881
13748
13766
13792
13975
14065
13829
13958
13836
13851
13872
13677
13921
13773
13858
13921
13735
13867
13792
13820
14011
13855
13847
13989
13813
13963
13683
13915
13911
13819
13781
13748
13810
13914
13683
13795
13813
13777
13752
13953
13781
13926
13895
13678
14024
13955
13855
13833
13901
13684
13864
13838
13786
13920
13878
13747
14086
13886
13960
13784
13986
13916
13770
13816
13986
13772
13997
13849
13765
13792
13787
13996
13717
13761
13900
13826
13756
13740
13838
13964
13644
13812
13992
13832
13964
13844
13692
13887
13802
13647
13896
13884
13941
13769
13924
13871
13756
13806
13981
13825
13742
13906
13891
13996
13874
13887
13894
13848
13849
13830
13900
13988
13938
13699
13826
13933
13871
13920
13865
13962
13794
13854
13846
13912
13926
13773
13745
13903
13924
13945
13905
13826
13766
13928
13906
13766
13928
13938
13948
13919
14004
13653
13814
13842
13823
13785
13885
14008
13914
13747
13829
13950
13974
13798
13829
13871
13925
13818
13883
13860
13821
13912
13897
13748
13807
14058
13814
13676
13877
13735
13992
13712
13835
13881
13715
13883
13884
13849
13855
13732
13936
13725
13824
13968
13957
13887
13822
13924
13857
13966
13895
13800
13899
13753
13935
13681
13945
13789
13855
13827
13999
13853
13857
13890
13794
13802
13768
13748
13982
13897
13795
13980
13966
13744
13812
13840
13920
13987
13693
13892
13805
13847
13715
13959
13947
13866
13948
13833
13694
13819
13869
13727
13856
13722
13836
13893
13888
13702
13957
13927
13879
13869
13632
13931
13910
13872
13795
13755
13888
13796
13814
13753
14049
13801
13780
13828
13775
13706
13847
13817
13896
13729
13836
14053
13724
13914
13930
13950
13699
13922
13937
13819
13926
13797
13789
13704
13743
13797
13858
13934
13935
13829
13784
13801
13848
13764
13634
13746
14076
13860
13813
13970
13781
13770
13811
13857
13701
13675
13830
13848
13954
13792
13957
13866
13818
13757
13781
13831
13956
13860
13867
13896
13774
13905
13795
13799
14025
13794
13745
13910
13837
13669
13919
13955
13711
13815
13769
13788
13873
13847
13863
13835
13778
13772
13900
13884
13799
13720
13887
13827
14028
13727
13791
14041
13673
13788
13944
13792
13851
13832
13805
13770
13908
13838
13662
13795
13664
13635
13818
13981
13693
13820
13992
13934
13812
13740
13743
13671
13804
14008
13868
13832
13979
13645
13867
13805
13644
13980
13850
13961
13784
13767
13778
13731
13821
13813
13818
13814
13905
13720
13759
13855
13908
13773
13754
13845
13902
13773
13773
13649
13767
13804
13702
13655
13708
13811
13848
13997
13748
13866
13877
13981
13516
13915
13763
13764
13895
13719
13923
13740
13774
13893
13888
13759
13764
13749
13741
13977
13613
13867
13901
13758
13759
13645
13817
13773
13923
13688
13995
13798
13816
13700
13733
13795
13834
13831
13997
13723
13859
13728
13883
13724
14028
13926
13789
13785
13743
13699
13817
13829
13799
13762
13995
13724
13772
14085
13693
13815
13846
13778
13662
13868
13919
13819
13865
13718
13698
13821
13842
13881
13878
13718
13846
13775
13901
13718
13719
13806
13918
13899
13816
13747
13866
13814
13760
13760
13760
13799
13725
13826
13851
13878
13837
13827
13698
13620
13934
13677
13697
13828
13835
13821
13847
13895
13754
13866
13822
13754
13721
13849
13907
13842
13939
13776
13934
13721
13803
13846
13744
13660
13818
13801
13791
13890
13890
13888
13741
13816
13664
13725
13744
13790
13699
13752
13808
13959
13900
13915
13753
13627
13797
13788
13848
13744
13781
13768
13748
13786
13611
13994
13714
13986
13870
13846
13890
13796
13776
13714
13725
13888
13689
13858
13742
13916
13810
13858
13792
13631
13759
13758
13879
13748
13810
13788
13844
13725
13905
13741
13710
13811
13787
13918
13901
13789
13799
13795
13848
13903
13834
13795
13688
13989
13832
13760
13929
13662
13797
13759
13705
13754
13743
13836
13829
13791
13798
13646
13823
13668
13806
13915
13802
13930
13755
13787
13819
13772
13734
13916
13697
13942
13758
13837
13876
13627
13937
13895
13900
13875
13729
13877
13640
13715
13850
13780
13948
13741
13764
13956
13664
13896
13773
13810
13873
13810
13589
13785
13783
13541
13897
13983
13894
13662
13728
13781
13877
13821
13616
13567
13673
13829
13722
13848
13686
13771
13833
13852
13841
13761
13803
13955
13778
13876
13817
13761
13784
13884
13716
13712
13699
13750
13808
13837
13848
13718
13841
13686
13723
13766
13626
13882
13628
13727
13793
13710
13917
13717
13784
13793
13769
13680
13775
13882
13807
13685
13757
13731
13759
13783
13833
13817
13856
13700
13664
13712
13641
13641
13638
13825
13710
13728
13666
13770
13802
13839
13758
13751
13743
13861
13817
13842
13658
13665
13959
13771
13792
13880
13706
13825
13837
13647
13641
13872
13646
13733
13661
13792
13716
13707
13742
13743
13813
13816
13782
13796
13893
13745
14010
14007
13612
13597
13738
13881
13810
13710
13735
13877
13638
13769
13676
13793
13842
13508
13822
13761
13709
13890
13732
13810
13778
13846
13892
13779
13814
13608
13843
13948
13939
13746
13791
13799
13706
13851
13826
13747
13703
13890
13721
13742
13761
13729
13822
13825
13814
13740
13796
13693
13734
13830
13691
13933
13712
13763
13732
13811
13663
13683
13663
13636
13802
13660
13700
13772
13809
13752
13909
13678
13767
13756
13885
13716
13612
13918
13642
13854
13739
13693
13630
13794
13725
13719
13794
13624
13634
13811
13746
13644
13612
13985
13828
13698
13662
13781
13762
13840
13785
13783
13869
13766
13853
13652
13757
13717
13849
13772
13718
13768
13821
13815
13750
13672
13866
13983
13777
13895
13745
13816
13830
13747
13814
13757
13907
13826
13698
13812
13594
13641
13729
13746
13711
13714
13728
13746
13731
13773
13952
13687
13673
13674
13987
13865
13798
13708
13751
13802
13598
13760
13759
13745
13949
13735
13671
13690
13725
13711
13799
13697
13869
13734
13571
13664
13712
13705
13677
13671
13737
13800
13567
13883
13732
13664
13713
13648
13579
13757
13768
13730
13632
13581
13761
13663
13603
13878
13878
13703
13832
13735
13806
13913
13952
13703
13698
13754
13779
13807
13677
13647
13751
13729
13867
13901
13722
13777
13810
13787
13756
13918
13785
13699
13873
14013
13672
13721
13636
13918
13718
13788
13657
13702
13900
13847
13761
13761
13611
13846
13749
13754
13644
14040
13834
13764
13801
13819
13701
13656
13691
13768
13722
13736
13778
13763
13846
13794
13769
13720
13747
13673
13787
13711
13628
13519
13831
13544
13681
13787
13637
13749
13688
13728
13783
13796
13787
13754
13838
13670
13701
13615
13868
13801
13705
13753
13746
13721
13798
13819
13709
13703
13792
13697
13628
13706
13729
13865
13662
13896
13787
13650
13738
13772
13808
13642
13679
13663
13716
13794
13663
13772
13847
13834
13783
13754
13684
13860
13656
13781
13812
13748
13797
13722
13827
13617
13745
13549
13696
13692
13675
13681
13734
13787
13732
13544
13795
13783
13600
13731
13771
13723
13776
13803
13781
13796
13598
13609
13818
13768
13725
13677
13849
13676
13864
13597
13739
13721
13654
13700
13762
13810
13656
13633
13603
13688
13841
13799
13669
13929
13714
13777
13568
13748
13815
13848
13749
13638
13724
13776
13887
13779
13659
13690
13666
13757
13810
13661
13742
13758
13627
13946
13848
13678
13831
13826
13749
13748
13845
13582
13803
13707
13686
13748
13713
13706
13700
13721
13675
13702
13871
13664
13774
13787
13768
13677
13846
13820
13640
13767
13831
13638
13699
13689
13696
13720
13753
13595
13882
13739
13774
13688
13749
13593
13742
13709
13635
13765
13833
13746
13698
13789
13661
13827
13771
13769
13805
13595
13731
13805
13789
13629
13603
13663
13671
13739
13817
13678
13570
13803
13498
13736
13555
13737
13707
13717
13624
13619
13882
13804
13796
13677
13804
13669
13745
13668
13730
13810
13797
13658
13702
13825
13767
13889
13751
13769
13711
13886
13675
13800
13481
13880
13750
13654
13634
13625
13806
13609
13874
13797
13732
13698
13824
13594
13572
13687
13556
13770
13566
13602
13661
13672
13687
13704
13793
13775
13682
13780
13677
13630
13835
13625
13663
13665
13840
13721
13878
13761
13756
13659
13695
13686
13597
13699
13732
13730
13986
13588
13698
13915
13632
13655
13727
13711
13705
13755
13686
13624
13811
13708
13636
13793
13731
13729
13672
13731
13679
13713
13707
13772
13597
13666
13735
13768
13603
13732
13660
13784
13664
13562
13696
13729
13743
13649
13790
13691
13621
13713
13619
13817
13660
13662
13817
13631
13800
13645
13596
13845
13676
13832
13691
13736
13704
13818
13666
13528
13670
13749
13627
13588
13636
13836
13631
13606
13900
13666
13568
13744
13681
13773
13752
13690
13623
13856
13624
13601
13748
13732
13651
13768
13816
13660
13732
13624
13644
13669
13783
13780
13765
13736
13659
13856
13853
13669
13833
13725
13736
13659
13774
13684
13656
13662
13582
13674
13778
13674
13561
13908
13755
13560
13600
13794
13605
13779
13812
13617
13889
13606
13618
13601
13904
13754
13714
13704
13682
13859
13613
13820
13815
13841
13757
13820
13625
13743
13868
13602
13648
13493
13694
13674
13654
13765
13794
13732
13719
13702
13735
13791
13757
13708
13672
13666
13768
13782
13834
13634
13772
13654
13772
13685
13730
13814
13643
13751
13755
13784
13844
13680
13659
13804
13718
13760
13846
13656
13793
13680
13660
13620
13746
13618
13650
13730
13709
13668
13649
13652
13733
13887
13907
13721
13688
13625
13630
13865
13712
13669
13715
13607
13642
13596
13691
13767
13625
13670
13685
13647
13582
13685
13685
13662
13733
13723
13759
13699
13759
13874
13858
13633
13519
13716
13786
13744
13605
13715
13614
13644
13737
13464
13696
13667
13776
13689
13723
13587
13624
13760
13817
13638
13757
13793
13539
13624
13730
13793
13741
13805
13759
13632
13654
13738
13662
13558
13777
13565
13758
13587
13828
13648
13725
13747
13717
13853
13666
13704
13567
13830
13488
13697
13634
13796
13666
13551
13677
13711
13509
13876
13724
13828
13455
13753
13717
13736
13546
13476
13663
13578
13652
13751
13814
13804
13584
13751
13682
13733
13694
13858
13658
13735
13747
13653
13617
13606
13522
13695
13670
13715
13725
13553
13737
13697
13681
13626
13562
13727
13641
13752
13882
13671
13771
13538
13565
13727
13576
13663
13612
13774
13823
13538
13785
13816
13658
13654
13729
13827
13724
13564
13638
13759
13679
13699
13534
13774
13538
13808
13624
13785
13521
13695
13608
13794
13591
13639
13798
13669
13636
13607
13810
13688
13795
13721
13806
13605
13764
13639
13764
13871
13668
13766
13548
13673
13743
13605
13631
13501
13677
13712
13658
13621
13699
13854
13699
13645
13624
13773
13668
13807
13559
13804
13665
13802
13760
13748
13523
13522
13561
13758
13592
13739
13549
13736
13743
13626
13646
13708
13666
13770
13691
13727
13666
13618
13772
13712
13584
13730
13664
13620
13679
13779
13724
13596
13791
13613
13580
13560
13708
13744
13687
13554
13703
13602
13624
13800
13759
13726
13675
13792
13779
13666
13634
13813
13760
13532
13748
13653
13670
13655
13736
13744
13748
13561
13854
13798
13643
13734
13744
13869
13599
13680
13695
13651
13771
13654
13704
13684
13670
13637
13649
13683
13630
13518
13857
13651
13803
13660
13454
13559
13606
13826
13635
13650
13753
13724
13739
13712
13749
13633
13566
13604
13553
13695
13788
13743
13563
13664
13722
13616
13581
13685
13680
13579
13500
13695
13640
13749
13792
13735
13669
13698
13624
13555
13604
13599
13623
13901
13490
13665
13733
13500
13615
13733
13710
13834
13609
13518
13653
13712
13725
13829
13641
13681
13542
13547
13594
13596
13573
13650
13622
13817
13737
13621
13788
13631
13566
13753
13655
13699
13733
13625
13787
13592
13713
13649
13714
13731
13564
13674
13652
13755
13694
13717
13705
13560
13534
13686
13518
13686
13517
13752
13657
13504
13627
13841
13634
13798
13525
13676
13746
13585
13545
13750
13760
13634
13738
13593
13720
13752
13642
13676
13456
13789
13579
13579
13563
13442
13750
13637
13580
13551
13484
13574
13802
13692
13744
13467
13848
13524
13903
13785
13680
13680
13698
13860
13570
13706
13678
13635
13692
13759
13668
13711
13732
13801
13424
13613
13471
13519
13715
13543
13671
13590
13671
13571
13596
13684
13724
13652
13710
13478
13568
13536
13692
13692
13696
13530
13553
13593
13662
13675
13656
13833
13668
13694
13581
13715
13692
13602
13685
13645
13614
13638
13824
13659
13703
13498
13602
13649
13845
13682
13690
13517
13875
13765
13646
13598
13682
13710
13619
13685
13549
13743
13659
13537
13738
13603
13666
13766
13535
13763
13656
13755
13696
13641
13696
13837
13626
13641
13587
13755
13792
13543
13671
13694
13698
13681
13558
13708
13678
13776
13583
13551
13654
13728
13489
13539
13848
13695
13569
13633
13583
13621
13696
13498
13583
13732
13562
13546
13842
13623
13616
13662
13644
13707
13567
13588
13630
13540
13685
13782
13686
13538
13683
13561
13617
13537
13659
13747
13614
13759
13566
13627
13695
13819
13695
13816
13833
13720
13498
13508
13623
13646
13682
13525
13511
13745
13574
13672
13663
13440
13700
13701
13581
13683
13564
13650
13685
13760
13589
13687
13714
13613
13507
13613
13576
13680
13591
13702
13545
13654
13740
13852
13657
13732
13564
13732
13703
13472
13603
13600
13560
13744
13631
13722
13723
13706
13463
13901
13742
13710
13710
13689
13807
13590
13636
13539
13702
13540
13718
13660
13655
13621
13688
13563
13526
13641
13703
13643
13728
13529
13590
13779
13602
13563
13478
13561
13631
13496
13728
13701
13607
13596
13498
13631
13622
13627
13631
13723
13795
13463
13748
13794
13655
13718
13526
13635
13444
13669
13586
13767
13517
13634
13711
13677
13783
13753
13562
13720
13789
13679
13530
13721
13631
13721
13648
13625
13717
13564
13700
13601
13511
13724
13759
13544
13757
13686
13760
13589
13640
13712
13567
13453
13720
13640
13704
13702
13599
13547
13766
13616
13558
13723
13729
13485
13757
13531
13769
13607
13583
13635
13663
13679
13625
13655
13550
13726
13611
13697
13655
13659
13741
13686
13671
13633
13747
13696
13693
13789
13771
13709
13606
13711
13799
13786
13646
13694
13514
13624
13600
13672
13568
13746
13768
13578
13666
13715
13584
13619
13669
13658
13599
13652
13613
13643
13693
13560
13630
13739
13408
13703
13782
13693
13632
13525
13591
13630
13475
13594
13678
13625
13456
13624
13487
13639
13478
13702
13714
13801
13650
13665
13744
13658
13558
13568
13794
13534
13691
13611
13640
13604
13654
13618
13599
13676
13645
13593
13685
13837
13482
13626
13608
13658
13591
13642
13555
13710
13730
13616
13579
13461
13536
13628
13406
13567
13665
13707
13429
13656
13714
13622
13670
13502
13597
13730
13599
13597
13758
13525
13673
13766
13768
13587
13637
13555
13714
13619
13622
13537
13606
13710
13671
13573
13617
13614
13672
13480
13641
13838
13684
13695
13678
13789
13557
13567
13770
13671
13751
13703
13627
13554
13539
13725
13710
13522
13607
13612
13463
13684
13602
13450
13590
13553
13665
13738
13721
13605
13530
13584
13515
13533
13727
13510
13558
13671
13697
13450
13550
13580
13458
13609
13736
13774
13649
13530
13504
13581
13509
13628
13560
13563
13759
13692
13521
13583
13726
13673
13506
13718
13646
13561
13643
13676
13531
13759
13627
13676
13681
13644
13621
13564
13629
13516
13572
13543
13608
13463
13547
13455
13673
13648
13749
13529
13631
13620
13554
13714
13448
13612
13704
13659
13748
13635
13657
13702
13783
13500
13574
13682
13659
13546
13659
13640
13483
13510
13645
13499
13816
13632
13677
13822
13728
13627
13568
13644
13744
13547
13611
13446
13552
13663
13689
13561
13534
13650
13550
13540
13670
13615
13627
13549
13726
13655
13680
13838
13548
13759
13567
13537
13540
13740
13596
13681
13555
13688
13688
13677
13400
13730
13600
13716
13696
13607
13720
13693
13710
13456
13704
13554
13482
13543
13758
13769
13596
13562
13518
13658
13663
13739
13657
13554
13563
13527
13548
13712
13660
13745
13481
13670
13575
13603
13633
13652
13326
13527
13586
13552
13601
13495
13620
13686
13547
13815
13615
13594
13743
13654
13767
13378
13602
13510
13604
13567
13688
13680
13754
13684
13562
13522
13597
13592
13655
13645
13575
13567
13614
13529
13618
13544
13712
13589
13485
13591
13548
13413
13501
13668
13594
13514
13745
13675
13465
13704
13777
13551
13549
13543
13429
13850
13656
13506
13539
13570
13602
13565
13696
13663
13532
13539
13576
13478
13599
13679
13671
13766
13680
13514
13685
13530
13595
13457
13776
13575
13556
13511
13664
13535
13600
13464
13692
13443
13424
13583
13707
13490
13686
13668
13504
13619
13750
13658
13492
13505
13493
13701
13492
13685
13594
13650
13544
13696
13512
13591
13583
13696
13583
13603
13634
13598
13733
13566
13517
13677
13658
13630
13719
13502
13471
13471
13650
13686
13573
13445
13798
13566
13685
13595
13588
13658
13637
13779
13561
13680
13754
13819
13587
13641
13662
13493
13684
13706
13620
13598
13594
13533
13657
13770
13766
13594
13773
13522
13604
13646
13409
13637
13586
13496
13569
13534
13619
13717
13572
13508
13660
13452
13567
13485
13607
13545
13618
13434
13613
13242
13589
13482
13703
13628
13608
13478
13549
13428
13728
13508
13658
13679
13624
13634
13545
13532
13772
13596
13611
13546
13604
13769
13680
13545
13740
13718
13519
13690
13558
13664
13631
13610
13683
13635
13520
13691
13546
13624
13512
13526
13643
13471
13716
13483
13434
13476
13388
13522
13510
13650
13338
13598
13549
13651
13487
13548
13563
13548
13615
13648
13540
13610
13480
13558
13466
13623
13666
13756
13617
13528
13449
13636
13618
13731
13750
13465
13581
13704
13626
13420
13517
13497
13683
13462
13559
13536
13629
13608
13657
13732
13539
13504
13727
13627
13634
13401
13477
13655
13586
13760
13731
13609
13443
13506
13712
13605
13540
13555
13649
13697
13554
13641
13717
13587
13513
13609
13675
13451
13738
13564
13575
13590
13528
13588
13662
13570
13610
13709
13718
13576
13586
13515
13634
13745
13517
13583
13673
13464
13621
13710
13560
13715
13585
13501
13708
13457
13588
13506
13557
13660
13518
13562
13747
13478
13594
13617
13557
13738
13551
13566
13549
13729
13545
13495
13692
13641
13549
13591
13618
13511
13437
13528
13538
13703
13506
13485
13506
13609
13432
13631
13574
13560
13611
13430
13438
13566
13431
13688
13589
13621
13435
13695
13565
13605
13560
13607
13772
13410
13500
13608
13521
13562
13544
13623
13485
13520
13600
13343
13451
13754
13516
13774
13695
13626
13602
13613
13504
13489
13797
13766
13506
13589
13504
13517
13509
13775
13586
13541
13410
13730
13585
13566
13578
13560
13541
13820
13586
13581
13347
13623
13648
13574
13641
13660
13613
13548
13527
13596
13587
13400
13760
13545
13471
13667
13414
13725
13550
13511
13474
13494
13582
13489
13632
13531
13561
13493
13622
13533
13484
13502
13422
13535
13645
13622
13617
13524
13701
13649
13658
13552
13510
13657
13686
13717
13595
13434
13501
13551
13484
13435
13667
13642
13522
13423
13596
13506
13478
13643
13511
13684
13695
13620
13483
13481
13651
13548
13493
13701
13574
13626
13603
13519
13632
13695
13682
13602
13491
13527
13556
13460
13531
13479
13445
13771
13687
13734
13649
13579
13462
13467
13345
13434
13617
13622
13536
13529
13364
13735
13627
13604
13702
13703
13646
13643
13583
13570
13520
13623
13477
13591
13530
13651
13596
13660
13829
13629
13632
13503
13602
13675
13500
13534
13646
13482
13722
13591
13602
13504
13589
13483
13400
13667
13561
13496
13560
13601
13604
13473
13602
13449
13481
13552
13509
13716
13591
13500
13606
13566
13553
13457
13506
13615
13583
13673
13680
13523
13448
13584
13661
13572
13677
13596
13536
13613
13613
13569
13583
13498
13521
13503
13554
13574
13396
13669
13290
13466
13416
13621
13653
13667
13532
13744
13559
13469
13404
13632
13592
13669
13699
13572
13495
13630
13496
13669
13607
13496
13568
13586
13425
13442
13512
13648
13618
13519
13525
13428
13567
13633
13399
13543
13599
13547
13572
13579
13620
13411
13634
13545
13482
13714
13503
13748
13480
13557
13476
13747
13520
13585
13665
13514
13351
13722
13483
13522
13569
13495
13648
13462
13425
13468
13532
13539
13653
13702
13652
13615
13421
13527
13671
13407
13590
13738
13551
13287
13541
13743
13494
13612
13540
13634
13544
13674
13642
13632
13615
13556
13527
13567
13578
13579
13657
13477
13563
13556
13444
13647
13529
13686
13625
13639
13488
13533
13687
13577
13509
13546
13502
13513
13574
13595
13562
13541
13542
13588
13605
13471
13713
13658
13480
13559
13576
13508
13473
13693
13545
13586
13690
13401
13567
13690
13557
13466
13552
13405
13488
13358
13586
13503
13605
13608
13440
13581
13536
13401
13506
13438
13612
13562
13596
13553
13596
13496
13600
13577
13604
13410
13627
13502
13631
13672
13565
13648
13627
13488
13555
13525
13560
13393
13529
13414
13547
13680
13471
13311
13481
13800
13692
13485
13589
13661
13503
13621
13504
13564
13477
13454
13487
13490
13703
13636
13482
13417
13577
13664
13533
13512
13421
13545
13483
13573
13590
13431
13720
13507
13479
13514
13456
13477
13437
13553
13491
13472
13446
13580
13504
13623
13548
13441
13584
13607
13556
13645
13612
13444
13507
13582
13459
13498
13526
13554
13721
13569
13464
13555
13727
13536
13548
13495
13361
13469
13623
13565
13486
13559
13536
13530
13496
13445
13398
13472
13726
13602
13617
13625
13559
13587
13540
13608
13597
13763
13615
13719
13614
13643
13604
13472
13514
13585
13311
13575
13548
13519
13449
13483
13553
13431
13549
13549
13499
13664
13770
13593
13371
13544
13563
13431
13562
13527
13635
13392
13627
13649
13553
13550
13566
13589
13631
13477
13497
13587
13510
13635
13455
13377
13472
13466
13700
13631
13734
13561
13442
13567
13556
13577
13553
13430
13486
13639
13578
13553
13481
13547
13553
13393
13620
13330
13549
13553
13663
13612
13412
13610
13683
13570
13566
13336
13482
13367
13496
13565
13457
13502
13665
13604
13457
13493
13455
13528
13433
13502
13568
13618
13489
13621
13652
13533
13533
13592
13456
13456
13494
13693
13472
13376
13575
13590
13545
13570
13467
13695
13428
13525
13586
13592
13521
13519
13693
13504
13520
13553
13497
13422
13511
13447
13472
13344
13459
13579
13611
13566
13439
13495
13474
13641
13277
13419
13423
13353
13439
13486
13314
13648
13628
13736
13372
13628
13468
13581
13524
13649
13610
13480
13466
13704
13680
13534
13430
13351
13492
13691
13620
13455
13352
13627
13480
13530
13494
13415
13452
13516
13442
13555
13541
13573
13580
13502
13556
13627
13529
13484
13367
13610
13465
13410
13415
13510
13578
13610
13519
13442
13374
13573
13420
13645
13432
13504
13473
13491
13399
13438
13684
13467
13618
13439
13526
13624
13492
13502
13693
13619
13395
13780
13570
13447
13655
13578
13474
13607
13586
13488
13604
13685
13536
13515
13584
13484
13456
13514
13703
13593
13547
13426
13532
13436
13631
13473
13613
13468
13517
13393
13486
13500
13567
13570
13687
13455
13658
13658
13447
13565
13472
13540
13598
13616
13353
13462
13542
13542
13660
13675
13529
13509
13395
13777
13591
13454
13448
13526
13582
13552
13537
13641
13625
13593
13355
13580
13686
13579
13328
13502
13606
13543
13492
13637
13578
13530
13470
13483
13547
13706
13530
13406
13476
13527
13656
13544
13458
13590
13534
13659
13457
13538
13502
13551
13570
13344
13601
13612
13493
13493
13486
13414
13406
13450
13478
13494
13618
13578
13488
13634
13445
13372
13568
13541
13498
13349
13506
13472
13509
13612
13558
13547
13600
13604
13513
13516
13419
13416
13684
13415
13628
13649
13283
13594
13421
13543
13801
13678
13487
13566
13427
13559
13670
13497
13458
13512
13588
13586
13595
13613
13605
13514
13508
13589
13624
13534
13463
13474
13631
13525
13632
13621
13551
13506
13357
13457
13486
13518
13495
13343
13590
13651
13472
13778
13573
13634
13526
13700
13457
13550
13601
13319
13488
13605
13426
13619
13690
13566
13375
13718
13471
13647
13648
13585
13494
13574
13631
13358
13516
13566
13500
13638
13489
13556
13666
13556
13500
13614
13490
13480
13443
13413
13536
13354
13605
13595
13378
13570
13459
13407
13532
13637
13386
13526
13691
13524
13616
13437
13531
13395
13545
13496
13483
13774
13482
13632
13459
13559
13565
13496
13605
13492
13590
13579
13667
13490
13403
13488
13551
13525
13425
13573
13460
13575
13530
13419
13405
13598
13585
13466
13657
13530
13423
13455
13367
13619
13637
13525
13608
13749
13599
13374
13547
13541
13522
13598
13436
13624
13649
13404
13485
13528
13482
13618
13426
13625
13415
13499
13499
13543
13341
13550
13608
13469
13617
13448
13547
13608
13426
13502
13590
13476
13625
13423
13720
13570
13394
13505
13630
13400
13413
13563
13623
13406
13325
13596
13532
13375
13378
13438
13509
13525
13455
13452
13543
13569
13582
13373
13702
13438
13421
13467
13440
13535
13566
13251
13636
13488
13441
13570
13523
13536
13505
13534
13379
13424
13454
13604
13399
13579
13512
13710
13511
13609
13483
13383
13400
13541
13611
13527
13576
13500
13552
13602
13555
13577
13423
13445
13656
13383
13546
13526
13548
13396
13434
13381
13608
13614
13525
13406
13544
13458
13529
13473
13605
13486
13473
13499
13556
13539
13576
13685
13350
13554
13509
13443
13420
13564
13462
13661
13451
13646
13376
13490
13449
13425
13639
13596
13672
13538
13450
13555
13352
13555
13623
13500
13479
13571
13561
13407
13609
13484
13707
13363
13457
13584
13559
13561
13525
13536
13505
13544
13506
13403
13524
13527
13488
13588
13513
13468
13509
13461
13415
13417
13432
13345
13565
13677
13539
13365
13426
13626
13593
13451
13461
13401
13401
13514
13598
13480
13450
13579
13379
13310
13623
13420
13465
13544
13390
13555
13578
13414
13410
13508
13469
13449
13569
13519
13644
13388
13447
13672
13619
13491
13554
13446
13430
13427
13599
13480
13497
13543
13475
13575
13577
13535
13649
13508
13555
13542
13501
13423
13250
13557
13456
13524
13472
13520
13562
13444
13520
13363
13667
13576
13477
13420
13599
13640
13539
13596
13560
13485
13388
13535
13479
13617
13518
13327
13550
13541
13522
13574
13401
13510
13477
13603
13428
13500
13423
13597
13519
13474
13443
13469
13547
13409
13474
13540
13481
13417
13498
13490
13432
13583
13523
13450
13608
13739
13485
13505
13574
13469
13376
13514
13398
13542
13545
13442
13556
13494
13409
13575
13501
13553
13511
13540
13576
13463
13523
13551
13600
13449
13356
13444
13714
13506
13398
13474
13494
13502
13431
13546
13475
13403
13520
13355
13385
13598
13486
13600
13406
13500
13522
13498
13299
13479
13509
13498
13442
13674
13639
13527
13714
13524
13497
13543
13376
13462
13618
13529
13305
13462
13276
13575
13400
13361
13599
13712
13411
13463
13544
13444
13625
13492
13446
13512
13552
13332
13409
13478
13453
13627
13470
13439
13441
13381
13397
13454
13523
13376
13424
13653
13280
13543
13500
13495
13610
13443
13423
13463
13485
13455
13308
13566
13409
13554
13503
13457
13377
13342
13614
13509
13510
13388
13591
13527
13589
13499
13463
13482
13439
13399
13578
13502
13303
13582
13553
13614
13513
13451
13555
13420
13454
13609
13570
13439
13299
13529
13418
13386
13372
13494
13457
13703
13504
13474
13408
13532
13608
13448
13564
13494
13452
13384
13438
13567
13415
13342
13524
13642
13659
13563
13453
13515
13515
13635
13447
13491
13450
13504
13450
13433
13394
13488
13195
13352
13473
13568
13586
13580
13529
13517
13480
13677
13368
13590
13349
13444
